69
0.813745 -0.0570143 0.0938794
1.01375 -0.0633612 0.10197
1.21487 -0.0667819 0.108109
1.41815 -0.0706456 0.112334
1.62013 -0.0717931 0.115197
1.82014 -0.0728155 0.117441
2.03719 -0.072715 0.119138
2.26052 -0.073372 0.120297
2.49734 -0.0738831 0.121693
2.73057 -0.0746136 0.122455
2.96406 -0.0751923 0.123527
3.18365 -0.0753916 0.123858
3.43003 -0.0757893 0.124867
3.6561 -0.0759355 0.125178
3.90104 -0.0761878 0.12593
4.42204 -0.0764429 0.126567
4.64446 -0.0767405 0.126911
4.89223 -0.076988 0.127354
5.15118 -0.0770359 0.127602
5.3953 -0.077151 0.128
5.61845 -0.0771089 0.127971
5.8432 -0.0775879 0.128329
6.08279 -0.0776821 0.128253
6.32374 -0.0777343 0.128637
6.56251 -0.0776007 0.128582
6.79388 -0.0780496 0.128623
7.05343 -0.0780277 0.129082
7.28335 -0.0781099 0.128885
7.53005 -0.0780329 0.129081
7.78873 -0.0783325 0.129279
8.04772 -0.0782684 0.129668
8.26596 -0.0784199 0.129475
8.5067 -0.0783582 0.129796
8.75733 -0.0782905 0.129836
9.00243 -0.078637 0.13003
9.26589 -0.0784778 0.129948
9.51652 -0.0784214 0.130163
9.80051 -0.0782268 0.130227
10.0419 -0.0783894 0.130159
10.296 -0.0785501 0.130359
10.5271 -0.0786673 0.130263
10.8046 -0.0785445 0.130228
11.0749 -0.0787399 0.13025
11.3741 -0.078689 0.130511
11.6428 -0.078722 0.130603
11.8879 -0.0788823 0.130612
12.1259 -0.0789065 0.130562
12.3492 -0.0790754 0.130521
12.6299 -0.0791654 0.1308
12.8789 -0.0790179 0.130704
13.6324 -0.0787896 0.130899
13.8671 -0.0789829 0.131066
14.1293 -0.0790663 0.1309
14.3735 -0.0787415 0.13086
14.8985 -0.078886 0.131105
15.1553 -0.0790413 0.131025
15.4434 -0.0788051 0.131107
15.7065 -0.0791675 0.13103
15.9514 -0.0791443 0.13093
16.1788 -0.0791456 0.131261
16.4351 -0.0789529 0.131265
16.654 -0.0791637 0.131159
16.9153 -0.0791784 0.131276
17.1846 -0.0795915 0.131222
17.3855 -0.0792322 0.131107
17.5895 -0.0791765 0.131234
17.7912 -0.0791954 0.130965
17.9937 -0.0790768 0.131052
18.1948 -0.0788825 0.131196
