1 13494.902344 12745 5.000000 5.000000 31506
1 13494.914062 12745 5.000000 5.000000 31507
1 13494.914062 12745 5.000000 5.000000 31508
1 13494.925781 12745 5.000000 5.000000 31509
1 13494.902344 12745 5.000000 5.000000 31510
1 13494.920898 12745 5.000000 5.000000 31511
1 13494.902344 12745 5.000000 5.000000 31512
1 13494.925781 12745 5.000000 5.000000 31513
1 13494.914062 12745 5.000000 5.000000 31514
1 13494.914062 12745 5.000000 5.000000 31515
1 13494.925781 12745 5.000000 5.000000 31516
1 13494.908203 12745 5.000000 5.000000 31517
1 13494.914062 12745 5.000000 5.000000 31518
1 13494.902344 12745 5.000000 5.000000 31519
1 13494.914062 12745 5.000000 5.000000 31520
1 13494.925781 12745 5.000000 5.000000 31521
1 13494.914062 12745 5.000000 5.000000 31522
1 13494.896484 12745 5.000000 5.000000 31523
1 13494.925781 12745 5.000000 5.000000 31524
1 13494.902344 12745 5.000000 5.000000 31525
1 13494.925781 12745 5.000000 5.000000 31526
1 13494.925781 12745 5.000000 5.000000 31527
1 13494.896484 12745 5.000000 5.000000 31528
1 13494.925781 12745 5.000000 5.000000 31529
1 13494.914062 12745 5.000000 5.000000 31530
1 13494.925781 12745 5.000000 5.000000 31531
1 13494.914062 12745 5.000000 5.000000 31532
1 13494.925781 12745 5.000000 5.000000 31533
1 13494.920898 12745 5.000000 5.000000 31534
1 13494.914062 12745 5.000000 5.000000 31535
1 13494.925781 12745 5.000000 5.000000 31536
1 13494.914062 12745 5.000000 5.000000 31537
1 13494.925781 12745 5.000000 5.000000 31538
1 13494.925781 12745 5.000000 5.000000 31539
1 13494.932617 12745 5.000000 5.000000 31540
1 13494.925781 12745 5.000000 5.000000 31541
1 13494.914062 12745 5.000000 5.000000 31542
1 13494.914062 12745 5.000000 5.000000 31543
1 13494.914062 12745 5.000000 5.000000 31544
1 13494.914062 12745 5.000000 5.000000 31545
1 13494.920898 12745 5.000000 5.000000 31546
1 13494.925781 12745 5.000000 5.000000 31547
1 13494.914062 12745 5.000000 5.000000 31548
1 13494.914062 12745 5.000000 5.000000 31549
1 13494.914062 12745 5.000000 5.000000 31550
1 13494.925781 12745 5.000000 5.000000 31551
1 13494.908203 12745 5.000000 5.000000 31552
1 13494.925781 12745 5.000000 5.000000 31553
1 13494.902344 12745 5.000000 5.000000 31554
1 13494.902344 12745 5.000000 5.000000 31555
1 13494.914062 12745 5.000000 5.000000 31556
1 13494.925781 12745 5.000000 5.000000 31557
1 13494.914062 12745 5.000000 5.000000 31558
1 13494.914062 12745 5.000000 5.000000 31559
1 13494.925781 12745 5.000000 5.000000 31560
1 13494.914062 12745 5.000000 5.000000 31561
1 13494.925781 12745 5.000000 5.000000 31562
1 13494.920898 12745 5.000000 5.000000 31563
1 13494.925781 12745 5.000000 5.000000 31564
1 13494.925781 12745 5.000000 5.000000 31565
1 13494.914062 12745 5.000000 5.000000 31566
1 13494.914062 12745 5.000000 5.000000 31567
1 13494.920898 12745 5.000000 5.000000 31568
1 13494.925781 12745 5.000000 5.000000 31569
1 13494.914062 12745 5.000000 5.000000 31570
1 13494.914062 12745 5.000000 5.000000 31571
1 13494.914062 12745 5.000000 5.000000 31572
1 13494.902344 12745 5.000000 5.000000 31573
1 13494.908203 12745 5.000000 5.000000 31574
1 13494.914062 12745 5.000000 5.000000 31575
1 13494.914062 12745 5.000000 5.000000 31576
1 13494.914062 12745 5.000000 5.000000 31577
1 13494.902344 12745 5.000000 5.000000 31578
1 13494.914062 12745 5.000000 5.000000 31579
1 13494.920898 12745 5.000000 5.000000 31580
1 13494.925781 12745 5.000000 5.000000 31581
1 13494.914062 12745 5.000000 5.000000 31582
1 13494.925781 12745 5.000000 5.000000 31583
1 13494.925781 12745 5.000000 5.000000 31584
1 13494.914062 12745 5.000000 5.000000 31585
1 13494.908203 12745 5.000000 5.000000 31586
1 13494.925781 12745 5.000000 5.000000 31587
1 13494.914062 12745 5.000000 5.000000 31588
1 13494.914062 12745 5.000000 5.000000 31589
1 13494.925781 12756 5.000000 5.000000 31590
1 13494.914062 12756 5.000000 5.000000 31591
1 13494.920898 12756 5.000000 5.000000 31592
1 13494.925781 12756 5.000000 5.000000 31593
1 13494.914062 12756 5.000000 5.000000 31594
1 13494.925781 12756 5.000000 5.000000 31595
1 13494.938477 12756 5.000000 5.000000 31596
1 13494.902344 12756 5.000000 5.000000 31597
1 13494.920898 12756 5.000000 5.000000 31598
1 13494.925781 12756 5.000000 5.000000 31599
1 13494.902344 12756 5.000000 5.000000 31600
1 13494.914062 12756 5.000000 5.000000 31601
1 13494.925781 12756 5.000000 5.000000 31602
1 13494.914062 12756 5.000000 5.000000 31603
1 13494.925781 12756 5.000000 5.000000 31604
1 13494.914062 12756 5.000000 5.000000 31605
1 13494.925781 12745 5.000000 5.000000 31606
1 13494.908203 12745 5.000000 5.000000 31607
1 13494.925781 12745 5.000000 5.000000 31608
1 13494.914062 12745 5.000000 5.000000 31609
1 13494.902344 12745 5.000000 5.000000 31610
1 13494.914062 12745 5.000000 5.000000 31611
1 13494.920898 12745 5.000000 5.000000 31612
1 13494.914062 12745 5.000000 5.000000 31613
1 13494.914062 12745 5.000000 5.000000 31614
1 13494.925781 12745 5.000000 5.000000 31615
1 13494.914062 12745 5.000000 5.000000 31616
1 13494.914062 12745 5.000000 5.000000 31617
1 13494.920898 12745 5.000000 5.000000 31618
1 13494.925781 12745 5.000000 5.000000 31619
1 13494.914062 12745 5.000000 5.000000 31620
1 13494.914062 12745 5.000000 5.000000 31621
1 13494.925781 12745 5.000000 5.000000 31622
1 13494.914062 12745 5.000000 5.000000 31623
1 13494.932617 12745 5.000000 5.000000 31624
1 13494.914062 12745 5.000000 5.000000 31625
1 13494.914062 12745 5.000000 5.000000 31626
1 13494.925781 12745 5.000000 5.000000 31627
1 13494.925781 12745 5.000000 5.000000 31628
1 13494.914062 12745 5.000000 5.000000 31629
1 13494.908203 12745 5.000000 5.000000 31630
1 13494.938477 12745 5.000000 5.000000 31631
1 13494.914062 12745 5.000000 5.000000 31632
1 13494.925781 12745 5.000000 5.000000 31633
1 13494.914062 12745 5.000000 5.000000 31634
1 13494.925781 12745 5.000000 5.000000 31635
1 13494.920898 12745 5.000000 5.000000 31636
1 13494.925781 12745 5.000000 5.000000 31637
1 13494.914062 12745 5.000000 5.000000 31638
1 13494.925781 12745 5.000000 5.000000 31639
1 13494.925781 12745 5.000000 5.000000 31640
1 13494.925781 12745 5.000000 5.000000 31641
1 13494.920898 12745 5.000000 5.000000 31642
1 13494.925781 12745 5.000000 5.000000 31643
1 13494.914062 12745 5.000000 5.000000 31644
1 13494.914062 12745 5.000000 5.000000 31645
1 13494.925781 12745 5.000000 5.000000 31646
1 13494.914062 12745 5.000000 5.000000 31647
1 13494.914062 12745 5.000000 5.000000 31648
1 13494.938477 12745 5.000000 5.000000 31649
1 13494.908203 12745 5.000000 5.000000 31650
1 13494.925781 12745 5.000000 5.000000 31651
1 13494.914062 12745 5.000000 5.000000 31652
1 13494.914062 12745 5.000000 5.000000 31653
1 13494.925781 12745 5.000000 5.000000 31654
1 13494.925781 12745 5.000000 5.000000 31655
1 13494.908203 12745 5.000000 5.000000 31656
1 13494.925781 12745 5.000000 5.000000 31657
1 13494.914062 12745 5.000000 5.000000 31658
1 13494.925781 12745 5.000000 5.000000 31659
1 13494.914062 12745 5.000000 5.000000 31660
1 13494.914062 12745 5.000000 5.000000 31661
1 13494.908203 12745 5.000000 5.000000 31662
1 13494.914062 12745 5.000000 5.000000 31663
1 13494.925781 12745 5.000000 5.000000 31664
1 13494.914062 12745 5.000000 5.000000 31665
1 13494.925781 12745 5.000000 5.000000 31666
1 13494.914062 12745 5.000000 5.000000 31667
1 13494.920898 12745 5.000000 5.000000 31668
1 13494.925781 12745 5.000000 5.000000 31669
1 13494.914062 12745 5.000000 5.000000 31670
1 13494.914062 12745 5.000000 5.000000 31671
1 13494.914062 12745 5.000000 5.000000 31672
1 13494.925781 12745 5.000000 5.000000 31673
1 13494.920898 12745 5.000000 5.000000 31674
1 13494.914062 12745 5.000000 5.000000 31675
1 13494.914062 12745 5.000000 5.000000 31676
1 13494.914062 12745 5.000000 5.000000 31677
1 13494.914062 12745 5.000000 5.000000 31678
1 13494.914062 12745 5.000000 5.000000 31679
1 13494.920898 12745 5.000000 5.000000 31680
1 13494.925781 12745 5.000000 5.000000 31681
1 13494.925781 12745 5.000000 5.000000 31682
1 13494.902344 12745 5.000000 5.000000 31683
1 13494.925781 12745 5.000000 5.000000 31684
1 13494.914062 12745 5.000000 5.000000 31685
1 13494.920898 12756 5.000000 5.000000 31686
1 13494.925781 12756 5.000000 5.000000 31687
1 13494.925781 12756 5.000000 5.000000 31688
1 13494.914062 12756 5.000000 5.000000 31689
1 13494.914062 12756 5.000000 5.000000 31690
1 13494.925781 12756 5.000000 5.000000 31691
1 13494.925781 12756 5.000000 5.000000 31692
1 13494.925781 12756 5.000000 5.000000 31693
1 13494.920898 12756 5.000000 5.000000 31694
1 13494.925781 12756 5.000000 5.000000 31695
1 13494.925781 12756 5.000000 5.000000 31696
1 13494.914062 12756 5.000000 5.000000 31697
1 13494.914062 12756 5.000000 5.000000 31698
1 13494.925781 12756 5.000000 5.000000 31699
1 13494.932617 12756 5.000000 5.000000 31700
1 13494.925781 12756 5.000000 5.000000 31701
1 13494.914062 12756 5.000000 5.000000 31702
1 13494.938477 12756 5.000000 5.000000 31703
1 13494.914062 12756 5.000000 5.000000 31704
1 13494.925781 12756 5.000000 5.000000 31705
1 13494.920898 12756 5.000000 5.000000 31706
1 13494.925781 12756 5.000000 5.000000 31707
1 13494.925781 12756 5.000000 5.000000 31708
1 13494.925781 12756 5.000000 5.000000 31709
1 13494.914062 12756 5.000000 5.000000 31710
1 13494.914062 12756 5.000000 5.000000 31711
1 13494.932617 12756 5.000000 5.000000 31712
1 13494.925781 12756 5.000000 5.000000 31713
1 13494.914062 12756 5.000000 5.000000 31714
1 13494.914062 12756 5.000000 5.000000 31715
1 13494.914062 12756 5.000000 5.000000 31716
1 13494.914062 12756 5.000000 5.000000 31717
1 13494.920898 12745 5.000000 5.000000 31718
1 13494.914062 12745 5.000000 5.000000 31719
1 13494.925781 12745 5.000000 5.000000 31720
1 13494.914062 12745 5.000000 5.000000 31721
1 13494.925781 12745 5.000000 5.000000 31722
1 13494.920898 12745 5.000000 5.000000 31723
1 13494.938477 12745 5.000000 5.000000 31724
1 13494.914062 12745 5.000000 5.000000 31725
1 13494.908203 12745 5.000000 5.000000 31726
1 13494.925781 12745 5.000000 5.000000 31727
1 13494.914062 12745 5.000000 5.000000 31728
1 13494.925781 12745 5.000000 5.000000 31729
1 13494.914062 12745 5.000000 5.000000 31730
1 13494.925781 12745 5.000000 5.000000 31731
1 13494.920898 12745 5.000000 5.000000 31732
1 13494.925781 12745 5.000000 5.000000 31733
1 13494.925781 12745 5.000000 5.000000 31734
1 13494.914062 12745 5.000000 5.000000 31735
1 13494.914062 12745 5.000000 5.000000 31736
1 13494.914062 12745 5.000000 5.000000 31737
1 13494.920898 12745 5.000000 5.000000 31738
1 13494.925781 12745 5.000000 5.000000 31739
1 13494.914062 12745 5.000000 5.000000 31740
1 13494.914062 12745 5.000000 5.000000 31741
1 13494.925781 12745 5.000000 5.000000 31742
1 13494.925781 12745 5.000000 5.000000 31743
1 13494.920898 12745 5.000000 5.000000 31744
1 13494.914062 12745 5.000000 5.000000 31745
1 13494.914062 12745 5.000000 5.000000 31746
1 13494.914062 12756 5.000000 5.000000 31747
1 13494.914062 12756 5.000000 5.000000 31748
1 13494.914062 12756 5.000000 5.000000 31749
1 13494.920898 12756 5.000000 5.000000 31750
1 13494.914062 12756 5.000000 5.000000 31751
1 13494.925781 12756 5.000000 5.000000 31752
1 13494.914062 12756 5.000000 5.000000 31753
1 13494.914062 12756 5.000000 5.000000 31754
1 13494.914062 12756 5.000000 5.000000 31755
1 13494.908203 12756 5.000000 5.000000 31756
1 13494.914062 12756 5.000000 5.000000 31757
1 13494.925781 12756 5.000000 5.000000 31758
1 13494.914062 12756 5.000000 5.000000 31759
1 13494.925781 12756 5.000000 5.000000 31760
1 13494.920898 12756 5.000000 5.000000 31761
1 13494.914062 12756 5.000000 5.000000 31762
1 13494.914062 12745 5.000000 5.000000 31763
1 13494.914062 12745 5.000000 5.000000 31764
1 13494.914062 12745 5.000000 5.000000 31765
1 13494.914062 12745 5.000000 5.000000 31766
1 13494.920898 12745 5.000000 5.000000 31767
1 13494.914062 12745 5.000000 5.000000 31768
1 13494.925781 12745 5.000000 5.000000 31769
1 13494.902344 12745 5.000000 5.000000 31770
1 13494.914062 12745 5.000000 5.000000 31771
1 13494.914062 12745 5.000000 5.000000 31772
1 13494.920898 12745 5.000000 5.000000 31773
1 13494.925781 12745 5.000000 5.000000 31774
1 13494.902344 12745 5.000000 5.000000 31775
1 13494.914062 12745 5.000000 5.000000 31776
1 13494.902344 12745 5.000000 5.000000 31777
1 13494.925781 12745 5.000000 5.000000 31778
1 13494.908203 12756 5.000000 5.000000 31779
1 13494.914062 12756 5.000000 5.000000 31780
1 13494.914062 12756 5.000000 5.000000 31781
1 13494.914062 12756 5.000000 5.000000 31782
1 13494.914062 12756 5.000000 5.000000 31783
1 13494.914062 12756 5.000000 5.000000 31784
1 13494.920898 12756 5.000000 5.000000 31785
1 13494.914062 12756 5.000000 5.000000 31786
1 13494.914062 12756 5.000000 5.000000 31787
1 13494.914062 12756 5.000000 5.000000 31788
1 13494.925781 12756 5.000000 5.000000 31789
1 13494.914062 12756 5.000000 5.000000 31790
1 13494.908203 12756 5.000000 5.000000 31791
1 13494.925781 12756 5.000000 5.000000 31792
1 13494.914062 12756 5.000000 5.000000 31793
1 13494.914062 12756 5.000000 5.000000 31794
1 13494.914062 12756 5.000000 5.000000 31795
1 13494.914062 12756 5.000000 5.000000 31796
1 13494.920898 12756 5.000000 5.000000 31797
1 13494.914062 12756 5.000000 5.000000 31798
1 13494.925781 12756 5.000000 5.000000 31799
1 13494.925781 12756 5.000000 5.000000 31800
1 13494.914062 12756 5.000000 5.000000 31801
1 13494.914062 12756 5.000000 5.000000 31802
1 13494.920898 12756 5.000000 5.000000 31803
1 13494.925781 12756 5.000000 5.000000 31804
1 13494.914062 12756 5.000000 5.000000 31805
1 13494.914062 12756 5.000000 5.000000 31806
1 13494.914062 12756 5.000000 5.000000 31807
1 13494.908203 12756 5.000000 5.000000 31808
1 13494.914062 12756 5.000000 5.000000 31809
1 13494.914062 12756 5.000000 5.000000 31810
1 13494.925781 12745 5.000000 5.000000 31811
1 13494.914062 12745 5.000000 5.000000 31812
1 13494.925781 12745 5.000000 5.000000 31813
1 13494.920898 12745 5.000000 5.000000 31814
1 13494.925781 12745 5.000000 5.000000 31815
1 13494.914062 12745 5.000000 5.000000 31816
1 13494.914062 12745 5.000000 5.000000 31817
1 13494.914062 12745 5.000000 5.000000 31818
1 13494.914062 12745 5.000000 5.000000 31819
1 13494.932617 12745 5.000000 5.000000 31820
1 13494.914062 12745 5.000000 5.000000 31821
1 13494.914062 12745 5.000000 5.000000 31822
1 13494.914062 12745 5.000000 5.000000 31823
1 13494.914062 12745 5.000000 5.000000 31824
1 13494.914062 12745 5.000000 5.000000 31825
1 13494.920898 12745 5.000000 5.000000 31826
1 13494.914062 12745 5.000000 5.000000 31827
1 13494.925781 12745 5.000000 5.000000 31828
1 13494.914062 12745 5.000000 5.000000 31829
1 13494.914062 12745 5.000000 5.000000 31830
1 13494.932617 12745 5.000000 5.000000 31831
1 13494.902344 12745 5.000000 5.000000 31832
1 13494.925781 12745 5.000000 5.000000 31833
1 13494.925781 12745 5.000000 5.000000 31834
1 13494.925781 12745 5.000000 5.000000 31835
1 13494.914062 12745 5.000000 5.000000 31836
1 13494.932617 12745 5.000000 5.000000 31837
1 13494.914062 12745 5.000000 5.000000 31838
1 13494.914062 12745 5.000000 5.000000 31839
1 13494.925781 12745 5.000000 5.000000 31840
1 13494.914062 12745 5.000000 5.000000 31841
1 13494.925781 12756 5.000000 5.000000 31842
1 13494.908203 12756 5.000000 5.000000 31843
1 13494.914062 12756 5.000000 5.000000 31844
1 13494.925781 12756 5.000000 5.000000 31845
1 13494.925781 12756 5.000000 5.000000 31846
1 13494.914062 12756 5.000000 5.000000 31847
1 13494.920898 12756 5.000000 5.000000 31848
1 13494.925781 12756 5.000000 5.000000 31849
1 13494.914062 12756 5.000000 5.000000 31850
1 13494.914062 12756 5.000000 5.000000 31851
1 13494.914062 12756 5.000000 5.000000 31852
1 13494.914062 12756 5.000000 5.000000 31853
1 13494.932617 12756 5.000000 5.000000 31854
1 13494.925781 12756 5.000000 5.000000 31855
1 13494.925781 12756 5.000000 5.000000 31856
1 13494.914062 12756 5.000000 5.000000 31857
1 13494.914062 12745 5.000000 5.000000 31858
1 13494.914062 12745 5.000000 5.000000 31859
1 13494.920898 12745 5.000000 5.000000 31860
1 13494.925781 12745 5.000000 5.000000 31861
1 13494.914062 12745 5.000000 5.000000 31862
1 13494.925781 12745 5.000000 5.000000 31863
1 13494.925781 12745 5.000000 5.000000 31864
1 13494.902344 12745 5.000000 5.000000 31865
1 13494.920898 12745 5.000000 5.000000 31866
1 13494.914062 12745 5.000000 5.000000 31867
1 13494.914062 12745 5.000000 5.000000 31868
1 13494.902344 12745 5.000000 5.000000 31869
1 13494.914062 12745 5.000000 5.000000 31870
1 13494.925781 12745 5.000000 5.000000 31871
1 13494.908203 12745 5.000000 5.000000 31872
1 13494.914062 12745 5.000000 5.000000 31873
1 13494.938477 12745 5.000000 5.000000 31874
1 13494.914062 12745 5.000000 5.000000 31875
1 13494.938477 12745 5.000000 5.000000 31876
1 13494.914062 12745 5.000000 5.000000 31877
1 13494.908203 12745 5.000000 5.000000 31878
1 13494.925781 12745 5.000000 5.000000 31879
1 13494.914062 12745 5.000000 5.000000 31880
1 13494.925781 12745 5.000000 5.000000 31881
1 13494.925781 12745 5.000000 5.000000 31882
1 13494.925781 12745 5.000000 5.000000 31883
1 13494.920898 12745 5.000000 5.000000 31884
1 13494.914062 12745 5.000000 5.000000 31885
1 13494.914062 12745 5.000000 5.000000 31886
1 13494.914062 12745 5.000000 5.000000 31887
1 13494.914062 12745 5.000000 5.000000 31888
1 13494.908203 12745 5.000000 5.000000 31889
1 13494.914062 12745 5.000000 5.000000 31890
1 13494.925781 12745 5.000000 5.000000 31891
1 13494.914062 12745 5.000000 5.000000 31892
1 13494.925781 12745 5.000000 5.000000 31893
1 13494.914062 12745 5.000000 5.000000 31894
1 13494.920898 12745 5.000000 5.000000 31895
1 13494.914062 12745 5.000000 5.000000 31896
1 13494.914062 12745 5.000000 5.000000 31897
1 13494.914062 12745 5.000000 5.000000 31898
1 13494.914062 12745 5.000000 5.000000 31899
1 13494.925781 12745 5.000000 5.000000 31900
1 13494.908203 12745 5.000000 5.000000 31901
1 13494.914062 12745 5.000000 5.000000 31902
1 13494.925781 12745 5.000000 5.000000 31903
1 13494.925781 12745 5.000000 5.000000 31904
1 13494.925781 12745 5.000000 5.000000 31905
2 13494.950195 12756 5.000000 5.000000 48641
2 13494.932617 12756 5.000000 5.000000 48642
2 13494.938477 12756 5.000000 5.000000 48643
2 13494.925781 12756 5.000000 5.000000 48644
2 13494.925781 12756 5.000000 5.000000 48645
2 13494.925781 12756 5.000000 5.000000 48646
2 13494.938477 12756 5.000000 5.000000 48647
2 13494.944336 12745 5.000000 5.000000 48648
2 13494.925781 12745 5.000000 5.000000 48649
2 13494.938477 12745 5.000000 5.000000 48650
2 13494.938477 12745 5.000000 5.000000 48651
2 13494.938477 12745 5.000000 5.000000 48652
2 13494.925781 12745 5.000000 5.000000 48653
2 13494.932617 12745 5.000000 5.000000 48654
2 13494.938477 12745 5.000000 5.000000 48655
2 13494.938477 12745 5.000000 5.000000 48656
2 13494.938477 12745 5.000000 5.000000 48657
2 13494.932617 12745 5.000000 5.000000 48658
2 13494.938477 12745 5.000000 5.000000 48659
2 13494.925781 12745 5.000000 5.000000 48660
2 13494.938477 12745 5.000000 5.000000 48661
2 13494.925781 12745 5.000000 5.000000 48662
2 13494.932617 12745 5.000000 5.000000 48663
2 13494.925781 12756 5.000000 5.000000 48664
2 13494.938477 12756 5.000000 5.000000 48665
2 13494.925781 12756 5.000000 5.000000 48666
2 13494.938477 12756 5.000000 5.000000 48667
2 13494.938477 12756 5.000000 5.000000 48668
2 13494.944336 12756 5.000000 5.000000 48669
2 13494.938477 12756 5.000000 5.000000 48670
2 13494.950195 12756 5.000000 5.000000 48671
2 13494.938477 12756 5.000000 5.000000 48672
2 13494.938477 12756 5.000000 5.000000 48673
2 13494.925781 12756 5.000000 5.000000 48674
2 13494.944336 12756 5.000000 5.000000 48675
2 13494.925781 12756 5.000000 5.000000 48676
2 13494.938477 12756 5.000000 5.000000 48677
2 13494.938477 12756 5.000000 5.000000 48678
2 13494.938477 12756 5.000000 5.000000 48679
2 13494.925781 12756 5.000000 5.000000 48680
2 13494.932617 12756 5.000000 5.000000 48681
2 13494.925781 12756 5.000000 5.000000 48682
2 13494.938477 12756 5.000000 5.000000 48683
2 13494.925781 12756 5.000000 5.000000 48684
2 13494.938477 12756 5.000000 5.000000 48685
2 13494.944336 12756 5.000000 5.000000 48686
2 13494.925781 12756 5.000000 5.000000 48687
2 13494.925781 12756 5.000000 5.000000 48688
2 13494.938477 12756 5.000000 5.000000 48689
2 13494.925781 12756 5.000000 5.000000 48690
2 13494.925781 12756 5.000000 5.000000 48691
2 13494.944336 12756 5.000000 5.000000 48692
2 13494.925781 12756 5.000000 5.000000 48693
2 13494.938477 12756 5.000000 5.000000 48694
2 13494.938477 12756 5.000000 5.000000 48695
2 13494.938477 12745 5.000000 5.000000 48696
2 13494.925781 12745 5.000000 5.000000 48697
2 13494.920898 12745 5.000000 5.000000 48698
2 13494.950195 12745 5.000000 5.000000 48699
2 13494.925781 12745 5.000000 5.000000 48700
2 13494.914062 12745 5.000000 5.000000 48701
2 13494.938477 12745 5.000000 5.000000 48702
2 13494.932617 12745 5.000000 5.000000 48703
2 13494.938477 12745 5.000000 5.000000 48704
2 13494.925781 12745 5.000000 5.000000 48705
2 13494.938477 12745 5.000000 5.000000 48706
2 13494.950195 12745 5.000000 5.000000 48707
2 13494.920898 12745 5.000000 5.000000 48708
2 13494.950195 12745 5.000000 5.000000 48709
2 13494.925781 12745 5.000000 5.000000 48710
2 13494.938477 12745 5.000000 5.000000 48711
2 13494.950195 12756 5.000000 5.000000 48712
2 13494.925781 12756 5.000000 5.000000 48713
2 13494.932617 12756 5.000000 5.000000 48714
2 13494.938477 12756 5.000000 5.000000 48715
2 13494.925781 12756 5.000000 5.000000 48716
2 13494.925781 12756 5.000000 5.000000 48717
2 13494.938477 12756 5.000000 5.000000 48718
2 13494.938477 12756 5.000000 5.000000 48719
2 13494.920898 12756 5.000000 5.000000 48720
2 13494.938477 12756 5.000000 5.000000 48721
2 13494.925781 12756 5.000000 5.000000 48722
2 13494.938477 12756 5.000000 5.000000 48723
2 13494.938477 12756 5.000000 5.000000 48724
2 13494.938477 12756 5.000000 5.000000 48725
2 13494.932617 12756 5.000000 5.000000 48726
2 13494.925781 12756 5.000000 5.000000 48727
2 13494.925781 12756 5.000000 5.000000 48728
2 13494.938477 12756 5.000000 5.000000 48729
2 13494.938477 12756 5.000000 5.000000 48730
2 13494.932617 12756 5.000000 5.000000 48731
2 13494.938477 12756 5.000000 5.000000 48732
2 13494.925781 12756 5.000000 5.000000 48733
2 13494.938477 12756 5.000000 5.000000 48734
2 13494.938477 12756 5.000000 5.000000 48735
2 13494.950195 12756 5.000000 5.000000 48736
2 13494.920898 12756 5.000000 5.000000 48737
2 13494.938477 12756 5.000000 5.000000 48738
2 13494.925781 12756 5.000000 5.000000 48739
2 13494.938477 12756 5.000000 5.000000 48740
2 13494.938477 12756 5.000000 5.000000 48741
2 13494.925781 12756 5.000000 5.000000 48742
2 13494.944336 12756 5.000000 5.000000 48743
2 13494.938477 12745 5.000000 5.000000 48744
2 13494.938477 12745 5.000000 5.000000 48745
2 13494.938477 12745 5.000000 5.000000 48746
2 13494.925781 12745 5.000000 5.000000 48747
2 13494.914062 12745 5.000000 5.000000 48748
2 13494.932617 12745 5.000000 5.000000 48749
2 13494.914062 12745 5.000000 5.000000 48750
2 13494.925781 12745 5.000000 5.000000 48751
2 13494.938477 12745 5.000000 5.000000 48752
2 13494.932617 12745 5.000000 5.000000 48753
2 13494.925781 12745 5.000000 5.000000 48754
2 13494.938477 12745 5.000000 5.000000 48755
2 13494.914062 12745 5.000000 5.000000 48756
2 13494.938477 12745 5.000000 5.000000 48757
2 13494.925781 12745 5.000000 5.000000 48758
2 13494.920898 12756 5.000000 5.000000 48759
2 13494.938477 12756 5.000000 5.000000 48760
2 13494.938477 12756 5.000000 5.000000 48761
2 13494.938477 12756 5.000000 5.000000 48762
2 13494.938477 12756 5.000000 5.000000 48763
2 13494.925781 12756 5.000000 5.000000 48764
2 13494.932617 12756 5.000000 5.000000 48765
2 13494.938477 12756 5.000000 5.000000 48766
2 13494.925781 12756 5.000000 5.000000 48767
2 13494.925781 12756 5.000000 5.000000 48768
2 13494.938477 12756 5.000000 5.000000 48769
2 13494.938477 12756 5.000000 5.000000 48770
2 13494.932617 12756 5.000000 5.000000 48771
2 13494.925781 12756 5.000000 5.000000 48772
2 13494.938477 12756 5.000000 5.000000 48773
2 13494.950195 12756 5.000000 5.000000 48774
2 13494.950195 12767 5.000000 5.000000 48775
2 13494.932617 12767 5.000000 5.000000 48776
2 13494.938477 12767 5.000000 5.000000 48777
2 13494.938477 12767 5.000000 5.000000 48778
2 13494.938477 12767 5.000000 5.000000 48779
2 13494.938477 12767 5.000000 5.000000 48780
2 13494.950195 12767 5.000000 5.000000 48781
2 13494.920898 12767 5.000000 5.000000 48782
2 13494.925781 12767 5.000000 5.000000 48783
2 13494.938477 12767 5.000000 5.000000 48784
2 13494.938477 12767 5.000000 5.000000 48785
2 13494.938477 12767 5.000000 5.000000 48786
2 13494.938477 12767 5.000000 5.000000 48787
2 13494.932617 12767 5.000000 5.000000 48788
2 13494.938477 12767 5.000000 5.000000 48789
2 13494.950195 12767 5.000000 5.000000 48790
2 13494.938477 12756 5.000000 5.000000 48791
2 13494.938477 12756 5.000000 5.000000 48792
2 13494.925781 12756 5.000000 5.000000 48793
2 13494.944336 12756 5.000000 5.000000 48794
2 13494.950195 12756 5.000000 5.000000 48795
2 13494.925781 12756 5.000000 5.000000 48796
2 13494.944336 12756 5.000000 5.000000 48797
2 13494.925781 12756 5.000000 5.000000 48798
2 13494.950195 12756 5.000000 5.000000 48799
2 13494.925781 12756 5.000000 5.000000 48800
2 13494.938477 12756 5.000000 5.000000 48801
2 13494.925781 12756 5.000000 5.000000 48802
2 13494.944336 12756 5.000000 5.000000 48803
2 13494.938477 12756 5.000000 5.000000 48804
2 13494.925781 12756 5.000000 5.000000 48805
2 13494.938477 12756 5.000000 5.000000 48806
2 13494.925781 12756 5.000000 5.000000 48807
2 13494.950195 12756 5.000000 5.000000 48808
2 13494.932617 12756 5.000000 5.000000 48809
2 13494.938477 12756 5.000000 5.000000 48810
2 13494.938477 12756 5.000000 5.000000 48811
2 13494.938477 12756 5.000000 5.000000 48812
2 13494.925781 12756 5.000000 5.000000 48813
2 13494.938477 12756 5.000000 5.000000 48814
2 13494.932617 12756 5.000000 5.000000 48815
2 13494.938477 12756 5.000000 5.000000 48816
2 13494.938477 12756 5.000000 5.000000 48817
2 13494.938477 12756 5.000000 5.000000 48818
2 13494.938477 12756 5.000000 5.000000 48819
2 13494.932617 12756 5.000000 5.000000 48820
2 13494.938477 12756 5.000000 5.000000 48821
2 13494.925781 12756 5.000000 5.000000 48822
2 13494.938477 12756 5.000000 5.000000 48823
2 13494.938477 12756 5.000000 5.000000 48824
2 13494.938477 12756 5.000000 5.000000 48825
2 13494.932617 12756 5.000000 5.000000 48826
2 13494.938477 12756 5.000000 5.000000 48827
2 13494.925781 12756 5.000000 5.000000 48828
2 13494.938477 12756 5.000000 5.000000 48829
2 13494.925781 12756 5.000000 5.000000 48830
2 13494.950195 12756 5.000000 5.000000 48831
2 13494.920898 12756 5.000000 5.000000 48832
2 13494.938477 12756 5.000000 5.000000 48833
2 13494.925781 12756 5.000000 5.000000 48834
2 13494.938477 12756 5.000000 5.000000 48835
2 13494.925781 12756 5.000000 5.000000 48836
2 13494.938477 12756 5.000000 5.000000 48837
2 13494.944336 12756 5.000000 5.000000 48838
2 13494.938477 12745 5.000000 5.000000 48839
2 13494.925781 12745 5.000000 5.000000 48840
2 13494.920898 12745 5.000000 5.000000 48841
2 13494.925781 12745 5.000000 5.000000 48842
2 13494.938477 12745 5.000000 5.000000 48843
2 13494.925781 12745 5.000000 5.000000 48844
2 13494.925781 12745 5.000000 5.000000 48845
2 13494.938477 12745 5.000000 5.000000 48846
2 13494.932617 12745 5.000000 5.000000 48847
2 13494.938477 12745 5.000000 5.000000 48848
2 13494.938477 12745 5.000000 5.000000 48849
2 13494.938477 12745 5.000000 5.000000 48850
2 13494.925781 12745 5.000000 5.000000 48851
2 13494.938477 12745 5.000000 5.000000 48852
2 13494.932617 12745 5.000000 5.000000 48853
2 13494.938477 12745 5.000000 5.000000 48854
2 13494.938477 12756 5.000000 5.000000 48855
2 13494.925781 12756 5.000000 5.000000 48856
2 13494.925781 12756 5.000000 5.000000 48857
2 13494.925781 12756 5.000000 5.000000 48858
2 13494.932617 12756 5.000000 5.000000 48859
2 13494.938477 12756 5.000000 5.000000 48860
2 13494.925781 12756 5.000000 5.000000 48861
2 13494.925781 12756 5.000000 5.000000 48862
2 13494.938477 12756 5.000000 5.000000 48863
2 13494.920898 12756 5.000000 5.000000 48864
2 13494.938477 12756 5.000000 5.000000 48865
2 13494.938477 12756 5.000000 5.000000 48866
2 13494.925781 12756 5.000000 5.000000 48867
2 13494.938477 12756 5.000000 5.000000 48868
2 13494.950195 12756 5.000000 5.000000 48869
2 13494.932617 12756 5.000000 5.000000 48870
2 13494.950195 12756 5.000000 5.000000 48871
2 13494.925781 12756 5.000000 5.000000 48872
2 13494.950195 12756 5.000000 5.000000 48873
2 13494.925781 12756 5.000000 5.000000 48874
2 13494.938477 12756 5.000000 5.000000 48875
2 13494.944336 12756 5.000000 5.000000 48876
2 13494.938477 12756 5.000000 5.000000 48877
2 13494.925781 12756 5.000000 5.000000 48878
2 13494.938477 12756 5.000000 5.000000 48879
2 13494.950195 12756 5.000000 5.000000 48880
2 13494.950195 12756 5.000000 5.000000 48881
2 13494.932617 12756 5.000000 5.000000 48882
2 13494.925781 12756 5.000000 5.000000 48883
2 13494.932617 12756 5.000000 5.000000 48884
2 13494.938477 12756 5.000000 5.000000 48885
2 13494.925781 12756 5.000000 5.000000 48886
2 13494.925781 12756 5.000000 5.000000 48887
2 13494.938477 12756 5.000000 5.000000 48888
2 13494.938477 12756 5.000000 5.000000 48889
2 13494.932617 12756 5.000000 5.000000 48890
2 13494.938477 12756 5.000000 5.000000 48891
2 13494.938477 12756 5.000000 5.000000 48892
2 13494.925781 12756 5.000000 5.000000 48893
2 13494.925781 12756 5.000000 5.000000 48894
2 13494.925781 12756 5.000000 5.000000 48895
2 13494.932617 12756 5.000000 5.000000 48896
2 13494.925781 12756 5.000000 5.000000 48897
2 13494.938477 12756 5.000000 5.000000 48898
2 13494.914062 12756 5.000000 5.000000 48899
2 13494.938477 12756 5.000000 5.000000 48900
2 13494.925781 12756 5.000000 5.000000 48901
2 13494.956055 12756 5.000000 5.000000 48902
2 13494.914062 12756 5.000000 5.000000 48903
2 13494.938477 12756 5.000000 5.000000 48904
2 13494.925781 12756 5.000000 5.000000 48905
2 13494.938477 12756 5.000000 5.000000 48906
2 13494.944336 12756 5.000000 5.000000 48907
2 13494.938477 12756 5.000000 5.000000 48908
2 13494.938477 12756 5.000000 5.000000 48909
2 13494.938477 12756 5.000000 5.000000 48910
2 13494.938477 12756 5.000000 5.000000 48911
2 13494.950195 12756 5.000000 5.000000 48912
2 13494.932617 12756 5.000000 5.000000 48913
2 13494.938477 12756 5.000000 5.000000 48914
2 13494.938477 12756 5.000000 5.000000 48915
2 13494.938477 12756 5.000000 5.000000 48916
2 13494.938477 12756 5.000000 5.000000 48917
2 13494.938477 12756 5.000000 5.000000 48918
2 13494.932617 12756 5.000000 5.000000 48919
2 13494.938477 12756 5.000000 5.000000 48920
2 13494.938477 12756 5.000000 5.000000 48921
2 13494.938477 12756 5.000000 5.000000 48922
2 13494.938477 12756 5.000000 5.000000 48923
2 13494.938477 12756 5.000000 5.000000 48924
2 13494.932617 12756 5.000000 5.000000 48925
2 13494.938477 12756 5.000000 5.000000 48926
2 13494.925781 12756 5.000000 5.000000 48927
2 13494.938477 12756 5.000000 5.000000 48928
2 13494.925781 12756 5.000000 5.000000 48929
2 13494.938477 12756 5.000000 5.000000 48930
2 13494.925781 12756 5.000000 5.000000 48931
2 13494.925781 12756 5.000000 5.000000 48932
2 13494.920898 12756 5.000000 5.000000 48933
2 13494.938477 12756 5.000000 5.000000 48934
2 13494.938477 12756 5.000000 5.000000 48935
2 13494.925781 12756 5.000000 5.000000 48936
2 13494.938477 12756 5.000000 5.000000 48937
2 13494.914062 12756 5.000000 5.000000 48938
2 13494.944336 12756 5.000000 5.000000 48939
2 13494.938477 12756 5.000000 5.000000 48940
2 13494.950195 12756 5.000000 5.000000 48941
2 13494.914062 12756 5.000000 5.000000 48942
2 13494.938477 12756 5.000000 5.000000 48943
2 13494.925781 12756 5.000000 5.000000 48944
2 13494.920898 12756 5.000000 5.000000 48945
2 13494.925781 12756 5.000000 5.000000 48946
2 13494.914062 12756 5.000000 5.000000 48947
2 13494.925781 12756 5.000000 5.000000 48948
2 13494.938477 12756 5.000000 5.000000 48949
2 13494.925781 12756 5.000000 5.000000 48950
2 13494.932617 12756 5.000000 5.000000 48951
2 13494.938477 12756 5.000000 5.000000 48952
2 13494.925781 12756 5.000000 5.000000 48953
2 13494.950195 12756 5.000000 5.000000 48954
2 13494.938477 12756 5.000000 5.000000 48955
2 13494.944336 12756 5.000000 5.000000 48956
2 13494.925781 12756 5.000000 5.000000 48957
2 13494.938477 12756 5.000000 5.000000 48958
2 13494.938477 12756 5.000000 5.000000 48959
2 13494.925781 12756 5.000000 5.000000 48960
2 13494.938477 12756 5.000000 5.000000 48961
2 13494.944336 12756 5.000000 5.000000 48962
2 13494.950195 12756 5.000000 5.000000 48963
2 13494.938477 12756 5.000000 5.000000 48964
2 13494.950195 12756 5.000000 5.000000 48965
2 13494.925781 12756 5.000000 5.000000 48966
2 13494.950195 12756 5.000000 5.000000 48967
2 13494.944336 12756 5.000000 5.000000 48968
2 13494.938477 12756 5.000000 5.000000 48969
2 13494.938477 12756 5.000000 5.000000 48970
2 13494.938477 12756 5.000000 5.000000 48971
2 13494.932617 12756 5.000000 5.000000 48972
2 13494.925781 12756 5.000000 5.000000 48973
2 13494.938477 12756 5.000000 5.000000 48974
2 13494.950195 12756 5.000000 5.000000 48975
2 13494.925781 12756 5.000000 5.000000 48976
2 13494.932617 12756 5.000000 5.000000 48977
2 13494.938477 12756 5.000000 5.000000 48978
2 13494.925781 12756 5.000000 5.000000 48979
2 13494.950195 12756 5.000000 5.000000 48980
2 13494.925781 12756 5.000000 5.000000 48981
2 13494.938477 12756 5.000000 5.000000 48982
2 13494.944336 12756 5.000000 5.000000 48983
2 13494.938477 12756 5.000000 5.000000 48984
2 13494.938477 12756 5.000000 5.000000 48985
2 13494.925781 12756 5.000000 5.000000 48986
2 13494.938477 12756 5.000000 5.000000 48987
2 13494.938477 12756 5.000000 5.000000 48988
2 13494.932617 12756 5.000000 5.000000 48989
2 13494.950195 12756 5.000000 5.000000 48990
2 13494.938477 12756 5.000000 5.000000 48991
2 13494.925781 12756 5.000000 5.000000 48992
2 13494.938477 12756 5.000000 5.000000 48993
2 13494.944336 12756 5.000000 5.000000 48994
2 13494.950195 12756 5.000000 5.000000 48995
2 13494.925781 12756 5.000000 5.000000 48996
2 13494.925781 12756 5.000000 5.000000 48997
2 13494.950195 12756 5.000000 5.000000 48998
2 13494.938477 12756 5.000000 5.000000 48999
2 13494.920898 12756 5.000000 5.000000 49000
2 13494.938477 12756 5.000000 5.000000 49001
2 13494.938477 12756 5.000000 5.000000 49002
2 13494.938477 12756 5.000000 5.000000 49003
2 13494.950195 12756 5.000000 5.000000 49004
2 13494.938477 12756 5.000000 5.000000 49005
2 13494.932617 12756 5.000000 5.000000 49006
2 13494.938477 12756 5.000000 5.000000 49007
2 13494.938477 12756 5.000000 5.000000 49008
2 13494.950195 12756 5.000000 5.000000 49009
2 13494.925781 12756 5.000000 5.000000 49010
2 13494.950195 12756 5.000000 5.000000 49011
2 13494.932617 12756 5.000000 5.000000 49012
2 13494.938477 12756 5.000000 5.000000 49013
2 13494.938477 12756 5.000000 5.000000 49014
2 13494.938477 12756 5.000000 5.000000 49015
2 13494.938477 12756 5.000000 5.000000 49016
2 13494.932617 12756 5.000000 5.000000 49017
2 13494.938477 12756 5.000000 5.000000 49018
2 13494.938477 12756 5.000000 5.000000 49019
2 13494.938477 12756 5.000000 5.000000 49020
2 13494.938477 12756 5.000000 5.000000 49021
2 13494.938477 12756 5.000000 5.000000 49022
2 13494.944336 12756 5.000000 5.000000 49023
2 13494.938477 12756 5.000000 5.000000 49024
2 13494.938477 12756 5.000000 5.000000 49025
2 13494.938477 12756 5.000000 5.000000 49026
2 13494.925781 12756 5.000000 5.000000 49027
2 13494.938477 12756 5.000000 5.000000 49028
2 13494.944336 12756 5.000000 5.000000 49029
2 13494.938477 12756 5.000000 5.000000 49030
2 13494.938477 12756 5.000000 5.000000 49031
2 13494.950195 12756 5.000000 5.000000 49032
2 13494.938477 12756 5.000000 5.000000 49033
2 13494.932617 12756 5.000000 5.000000 49034
2 13494.938477 12756 5.000000 5.000000 49035
2 13494.938477 12756 5.000000 5.000000 49036
2 13494.938477 12756 5.000000 5.000000 49037
2 13494.938477 12756 5.000000 5.000000 49038
2 13494.938477 12756 5.000000 5.000000 49039
2 13494.920898 12756 5.000000 5.000000 49040
3 13494.938477 12745 5.000000 5.000000 64393
3 13494.961914 12745 5.000000 5.000000 64394
3 13494.950195 12745 5.000000 5.000000 64395
3 13494.938477 12745 5.000000 5.000000 64396
3 13494.956055 12745 5.000000 5.000000 64397
3 13494.950195 12745 5.000000 5.000000 64398
3 13494.950195 12745 5.000000 5.000000 64399
3 13494.938477 12745 5.000000 5.000000 64400
3 13494.961914 12745 5.000000 5.000000 64401
3 13494.950195 12745 5.000000 5.000000 64402
3 13494.950195 12745 5.000000 5.000000 64403
3 13494.950195 12745 5.000000 5.000000 64404
3 13494.950195 12756 5.000000 5.000000 64405
3 13494.956055 12756 5.000000 5.000000 64406
3 13494.961914 12756 5.000000 5.000000 64407
3 13494.950195 12756 5.000000 5.000000 64408
3 13494.938477 12756 5.000000 5.000000 64409
3 13494.950195 12756 5.000000 5.000000 64410
3 13494.950195 12756 5.000000 5.000000 64411
3 13494.967773 12756 5.000000 5.000000 64412
3 13494.950195 12756 5.000000 5.000000 64413
3 13494.961914 12756 5.000000 5.000000 64414
3 13494.950195 12756 5.000000 5.000000 64415
3 13494.938477 12756 5.000000 5.000000 64416
3 13494.956055 12756 5.000000 5.000000 64417
3 13494.961914 12756 5.000000 5.000000 64418
3 13494.950195 12756 5.000000 5.000000 64419
3 13494.967773 12756 5.000000 5.000000 64420
3 13494.950195 12756 5.000000 5.000000 64421
3 13494.950195 12756 5.000000 5.000000 64422
3 13494.950195 12756 5.000000 5.000000 64423
3 13494.961914 12756 5.000000 5.000000 64424
3 13494.961914 12756 5.000000 5.000000 64425
3 13494.944336 12756 5.000000 5.000000 64426
3 13494.961914 12756 5.000000 5.000000 64427
3 13494.950195 12756 5.000000 5.000000 64428
3 13494.961914 12756 5.000000 5.000000 64429
3 13494.961914 12756 5.000000 5.000000 64430
3 13494.956055 12756 5.000000 5.000000 64431
3 13494.973633 12756 5.000000 5.000000 64432
3 13494.961914 12756 5.000000 5.000000 64433
3 13494.950195 12745 5.000000 5.000000 64434
3 13494.961914 12745 5.000000 5.000000 64435
3 13494.950195 12745 5.000000 5.000000 64436
3 13494.956055 12745 5.000000 5.000000 64437
3 13494.961914 12745 5.000000 5.000000 64438
3 13494.950195 12745 5.000000 5.000000 64439
3 13494.950195 12745 5.000000 5.000000 64440
3 13494.961914 12745 5.000000 5.000000 64441
3 13494.956055 12745 5.000000 5.000000 64442
3 13494.950195 12745 5.000000 5.000000 64443
3 13494.961914 12745 5.000000 5.000000 64444
3 13494.961914 12745 5.000000 5.000000 64445
3 13494.950195 12745 5.000000 5.000000 64446
3 13494.950195 12745 5.000000 5.000000 64447
3 13494.967773 12745 5.000000 5.000000 64448
3 13494.950195 12745 5.000000 5.000000 64449
3 13494.961914 12756 5.000000 5.000000 64450
3 13494.950195 12756 5.000000 5.000000 64451
3 13494.961914 12756 5.000000 5.000000 64452
3 13494.950195 12756 5.000000 5.000000 64453
3 13494.967773 12756 5.000000 5.000000 64454
3 13494.950195 12756 5.000000 5.000000 64455
3 13494.950195 12756 5.000000 5.000000 64456
3 13494.950195 12756 5.000000 5.000000 64457
3 13494.950195 12756 5.000000 5.000000 64458
3 13494.956055 12756 5.000000 5.000000 64459
3 13494.961914 12756 5.000000 5.000000 64460
3 13494.950195 12756 5.000000 5.000000 64461
3 13494.950195 12756 5.000000 5.000000 64462
3 13494.961914 12756 5.000000 5.000000 64463
3 13494.950195 12756 5.000000 5.000000 64464
3 13494.967773 12756 5.000000 5.000000 64465
3 13494.950195 12756 5.000000 5.000000 64466
3 13494.961914 12756 5.000000 5.000000 64467
3 13494.950195 12756 5.000000 5.000000 64468
3 13494.950195 12756 5.000000 5.000000 64469
3 13494.956055 12756 5.000000 5.000000 64470
3 13494.950195 12756 5.000000 5.000000 64471
3 13494.961914 12756 5.000000 5.000000 64472
3 13494.950195 12756 5.000000 5.000000 64473
3 13494.961914 12756 5.000000 5.000000 64474
3 13494.961914 12756 5.000000 5.000000 64475
3 13494.956055 12756 5.000000 5.000000 64476
3 13494.973633 12756 5.000000 5.000000 64477
3 13494.961914 12756 5.000000 5.000000 64478
3 13494.961914 12756 5.000000 5.000000 64479
3 13494.938477 12756 5.000000 5.000000 64480
3 13494.961914 12756 5.000000 5.000000 64481
3 13494.961914 12745 5.000000 5.000000 64482
3 13494.961914 12745 5.000000 5.000000 64483
3 13494.944336 12745 5.000000 5.000000 64484
3 13494.961914 12745 5.000000 5.000000 64485
3 13494.950195 12745 5.000000 5.000000 64486
3 13494.950195 12745 5.000000 5.000000 64487
3 13494.961914 12745 5.000000 5.000000 64488
3 13494.961914 12745 5.000000 5.000000 64489
3 13494.944336 12745 5.000000 5.000000 64490
3 13494.961914 12745 5.000000 5.000000 64491
3 13494.950195 12745 5.000000 5.000000 64492
3 13494.961914 12745 5.000000 5.000000 64493
3 13494.950195 12745 5.000000 5.000000 64494
3 13494.956055 12745 5.000000 5.000000 64495
3 13494.961914 12745 5.000000 5.000000 64496
3 13494.961914 12756 5.000000 5.000000 64497
3 13494.961914 12756 5.000000 5.000000 64498
3 13494.950195 12756 5.000000 5.000000 64499
3 13494.961914 12756 5.000000 5.000000 64500
3 13494.944336 12756 5.000000 5.000000 64501
3 13494.950195 12756 5.000000 5.000000 64502
3 13494.950195 12756 5.000000 5.000000 64503
3 13494.950195 12756 5.000000 5.000000 64504
3 13494.950195 12756 5.000000 5.000000 64505
3 13494.950195 12756 5.000000 5.000000 64506
3 13494.944336 12756 5.000000 5.000000 64507
3 13494.961914 12756 5.000000 5.000000 64508
3 13494.950195 12756 5.000000 5.000000 64509
3 13494.961914 12756 5.000000 5.000000 64510
3 13494.961914 12756 5.000000 5.000000 64511
3 13494.956055 12756 5.000000 5.000000 64512
3 13494.961914 12756 5.000000 5.000000 64513
3 13494.950195 12756 5.000000 5.000000 64514
3 13494.961914 12756 5.000000 5.000000 64515
3 13494.950195 12756 5.000000 5.000000 64516
3 13494.950195 12756 5.000000 5.000000 64517
3 13494.956055 12756 5.000000 5.000000 64518
3 13494.961914 12756 5.000000 5.000000 64519
3 13494.950195 12756 5.000000 5.000000 64520
3 13494.961914 12756 5.000000 5.000000 64521
3 13494.950195 12756 5.000000 5.000000 64522
3 13494.956055 12756 5.000000 5.000000 64523
3 13494.950195 12756 5.000000 5.000000 64524
3 13494.961914 12756 5.000000 5.000000 64525
3 13494.938477 12756 5.000000 5.000000 64526
3 13494.950195 12756 5.000000 5.000000 64527
3 13494.950195 12756 5.000000 5.000000 64528
3 13494.950195 12756 5.000000 5.000000 64529
3 13494.961914 12756 5.000000 5.000000 64530
3 13494.950195 12756 5.000000 5.000000 64531
3 13494.961914 12756 5.000000 5.000000 64532
3 13494.956055 12756 5.000000 5.000000 64533
3 13494.950195 12756 5.000000 5.000000 64534
3 13494.950195 12756 5.000000 5.000000 64535
3 13494.961914 12756 5.000000 5.000000 64536
3 13494.961914 12756 5.000000 5.000000 64537
3 13494.956055 12756 5.000000 5.000000 64538
3 13494.950195 12756 5.000000 5.000000 64539
3 13494.961914 12756 5.000000 5.000000 64540
3 13494.950195 12756 5.000000 5.000000 64541
3 13494.950195 12756 5.000000 5.000000 64542
3 13494.950195 12756 5.000000 5.000000 64543
3 13494.956055 12756 5.000000 5.000000 64544
3 13494.961914 12745 5.000000 5.000000 64545
3 13494.950195 12745 5.000000 5.000000 64546
3 13494.950195 12745 5.000000 5.000000 64547
3 13494.961914 12745 5.000000 5.000000 64548
3 13494.950195 12745 5.000000 5.000000 64549
3 13494.956055 12745 5.000000 5.000000 64550
3 13494.950195 12745 5.000000 5.000000 64551
3 13494.950195 12745 5.000000 5.000000 64552
3 13494.950195 12745 5.000000 5.000000 64553
3 13494.950195 12745 5.000000 5.000000 64554
3 13494.944336 12745 5.000000 5.000000 64555
3 13494.950195 12745 5.000000 5.000000 64556
3 13494.950195 12745 5.000000 5.000000 64557
3 13494.950195 12745 5.000000 5.000000 64558
3 13494.950195 12745 5.000000 5.000000 64559
3 13494.950195 12745 5.000000 5.000000 64560
3 13494.944336 12756 5.000000 5.000000 64561
3 13494.950195 12756 5.000000 5.000000 64562
3 13494.950195 12756 5.000000 5.000000 64563
3 13494.950195 12756 5.000000 5.000000 64564
3 13494.961914 12756 5.000000 5.000000 64565
3 13494.961914 12756 5.000000 5.000000 64566
3 13494.956055 12756 5.000000 5.000000 64567
3 13494.961914 12756 5.000000 5.000000 64568
3 13494.961914 12756 5.000000 5.000000 64569
3 13494.950195 12756 5.000000 5.000000 64570
3 13494.938477 12756 5.000000 5.000000 64571
3 13494.944336 12756 5.000000 5.000000 64572
3 13494.961914 12756 5.000000 5.000000 64573
3 13494.938477 12756 5.000000 5.000000 64574
3 13494.950195 12756 5.000000 5.000000 64575
3 13494.950195 12756 5.000000 5.000000 64576
3 13494.961914 12756 5.000000 5.000000 64577
3 13494.956055 12756 5.000000 5.000000 64578
3 13494.961914 12756 5.000000 5.000000 64579
3 13494.961914 12756 5.000000 5.000000 64580
3 13494.950195 12756 5.000000 5.000000 64581
3 13494.961914 12756 5.000000 5.000000 64582
3 13494.956055 12756 5.000000 5.000000 64583
3 13494.961914 12756 5.000000 5.000000 64584
3 13494.961914 12756 5.000000 5.000000 64585
3 13494.961914 12756 5.000000 5.000000 64586
3 13494.961914 12756 5.000000 5.000000 64587
3 13494.950195 12756 5.000000 5.000000 64588
3 13494.956055 12756 5.000000 5.000000 64589
3 13494.938477 12756 5.000000 5.000000 64590
3 13494.961914 12756 5.000000 5.000000 64591
3 13494.938477 12756 5.000000 5.000000 64592
3 13494.950195 12745 5.000000 5.000000 64593
3 13494.950195 12745 5.000000 5.000000 64594
3 13494.944336 12745 5.000000 5.000000 64595
3 13494.950195 12745 5.000000 5.000000 64596
3 13494.938477 12745 5.000000 5.000000 64597
3 13494.950195 12745 5.000000 5.000000 64598
3 13494.950195 12745 5.000000 5.000000 64599
3 13494.944336 12745 5.000000 5.000000 64600
3 13494.938477 12745 5.000000 5.000000 64601
3 13494.950195 12745 5.000000 5.000000 64602
3 13494.950195 12745 5.000000 5.000000 64603
3 13494.950195 12745 5.000000 5.000000 64604
3 13494.950195 12745 5.000000 5.000000 64605
3 13494.950195 12756 5.000000 5.000000 64606
3 13494.950195 12756 5.000000 5.000000 64607
3 13494.944336 12756 5.000000 5.000000 64608
3 13494.938477 12756 5.000000 5.000000 64609
3 13494.950195 12756 5.000000 5.000000 64610
3 13494.961914 12756 5.000000 5.000000 64611
3 13494.950195 12756 5.000000 5.000000 64612
3 13494.944336 12756 5.000000 5.000000 64613
3 13494.950195 12756 5.000000 5.000000 64614
3 13494.950195 12756 5.000000 5.000000 64615
3 13494.950195 12756 5.000000 5.000000 64616
3 13494.938477 12756 5.000000 5.000000 64617
3 13494.938477 12756 5.000000 5.000000 64618
3 13494.944336 12756 5.000000 5.000000 64619
3 13494.950195 12756 5.000000 5.000000 64620
3 13494.950195 12756 5.000000 5.000000 64621
3 13494.950195 12745 5.000000 5.000000 64622
3 13494.950195 12745 5.000000 5.000000 64623
3 13494.950195 12745 5.000000 5.000000 64624
3 13494.938477 12745 5.000000 5.000000 64625
3 13494.956055 12745 5.000000 5.000000 64626
3 13494.950195 12745 5.000000 5.000000 64627
3 13494.950195 12745 5.000000 5.000000 64628
3 13494.950195 12745 5.000000 5.000000 64629
3 13494.961914 12745 5.000000 5.000000 64630
3 13494.950195 12745 5.000000 5.000000 64631
3 13494.956055 12745 5.000000 5.000000 64632
3 13494.973633 12745 5.000000 5.000000 64633
3 13494.950195 12745 5.000000 5.000000 64634
3 13494.950195 12745 5.000000 5.000000 64635
3 13494.961914 12745 5.000000 5.000000 64636
3 13494.956055 12745 5.000000 5.000000 64637
3 13494.950195 12756 5.000000 5.000000 64638
3 13494.950195 12756 5.000000 5.000000 64639
3 13494.950195 12756 5.000000 5.000000 64640
3 13494.950195 12756 5.000000 5.000000 64641
3 13494.950195 12756 5.000000 5.000000 64642
3 13494.956055 12756 5.000000 5.000000 64643
3 13494.950195 12756 5.000000 5.000000 64644
3 13494.938477 12756 5.000000 5.000000 64645
3 13494.950195 12756 5.000000 5.000000 64646
3 13494.950195 12756 5.000000 5.000000 64647
3 13494.950195 12756 5.000000 5.000000 64648
3 13494.956055 12756 5.000000 5.000000 64649
3 13494.950195 12756 5.000000 5.000000 64650
3 13494.950195 12756 5.000000 5.000000 64651
3 13494.950195 12756 5.000000 5.000000 64652
3 13494.950195 12756 5.000000 5.000000 64653
3 13494.956055 12756 5.000000 5.000000 64654
3 13494.961914 12756 5.000000 5.000000 64655
3 13494.950195 12756 5.000000 5.000000 64656
3 13494.950195 12756 5.000000 5.000000 64657
3 13494.961914 12756 5.000000 5.000000 64658
3 13494.961914 12756 5.000000 5.000000 64659
3 13494.950195 12756 5.000000 5.000000 64660
3 13494.950195 12756 5.000000 5.000000 64661
3 13494.950195 12756 5.000000 5.000000 64662
3 13494.950195 12756 5.000000 5.000000 64663
3 13494.956055 12756 5.000000 5.000000 64664
3 13494.938477 12756 5.000000 5.000000 64665
3 13494.961914 12756 5.000000 5.000000 64666
3 13494.950195 12756 5.000000 5.000000 64667
3 13494.950195 12756 5.000000 5.000000 64668
3 13494.967773 12756 5.000000 5.000000 64669
3 13494.961914 12745 5.000000 5.000000 64670
3 13494.961914 12745 5.000000 5.000000 64671
3 13494.950195 12745 5.000000 5.000000 64672
3 13494.950195 12745 5.000000 5.000000 64673
3 13494.961914 12745 5.000000 5.000000 64674
3 13494.944336 12745 5.000000 5.000000 64675
3 13494.973633 12745 5.000000 5.000000 64676
3 13494.961914 12745 5.000000 5.000000 64677
3 13494.950195 12745 5.000000 5.000000 64678
3 13494.950195 12745 5.000000 5.000000 64679
3 13494.944336 12745 5.000000 5.000000 64680
3 13494.950195 12745 5.000000 5.000000 64681
3 13494.950195 12745 5.000000 5.000000 64682
3 13494.938477 12745 5.000000 5.000000 64683
3 13494.950195 12745 5.000000 5.000000 64684
3 13494.950195 12745 5.000000 5.000000 64685
3 13494.944336 12756 5.000000 5.000000 64686
3 13494.950195 12756 5.000000 5.000000 64687
3 13494.950195 12756 5.000000 5.000000 64688
3 13494.950195 12756 5.000000 5.000000 64689
3 13494.961914 12756 5.000000 5.000000 64690
3 13494.950195 12756 5.000000 5.000000 64691
3 13494.956055 12756 5.000000 5.000000 64692
3 13494.950195 12756 5.000000 5.000000 64693
3 13494.950195 12756 5.000000 5.000000 64694
3 13494.938477 12756 5.000000 5.000000 64695
3 13494.961914 12756 5.000000 5.000000 64696
3 13494.956055 12756 5.000000 5.000000 64697
3 13494.950195 12756 5.000000 5.000000 64698
3 13494.938477 12756 5.000000 5.000000 64699
3 13494.950195 12756 5.000000 5.000000 64700
3 13494.950195 12756 5.000000 5.000000 64701
3 13494.961914 12756 5.000000 5.000000 64702
3 13494.944336 12756 5.000000 5.000000 64703
3 13494.950195 12756 5.000000 5.000000 64704
3 13494.950195 12756 5.000000 5.000000 64705
3 13494.938477 12756 5.000000 5.000000 64706
3 13494.950195 12756 5.000000 5.000000 64707
3 13494.938477 12756 5.000000 5.000000 64708
3 13494.950195 12756 5.000000 5.000000 64709
3 13494.950195 12756 5.000000 5.000000 64710
3 13494.950195 12756 5.000000 5.000000 64711
3 13494.944336 12756 5.000000 5.000000 64712
3 13494.950195 12756 5.000000 5.000000 64713
3 13494.950195 12756 5.000000 5.000000 64714
3 13494.950195 12756 5.000000 5.000000 64715
3 13494.961914 12756 5.000000 5.000000 64716
3 13494.938477 12756 5.000000 5.000000 64717
3 13494.956055 12756 5.000000 5.000000 64718
3 13494.950195 12756 5.000000 5.000000 64719
3 13494.950195 12756 5.000000 5.000000 64720
3 13494.938477 12756 5.000000 5.000000 64721
3 13494.950195 12756 5.000000 5.000000 64722
3 13494.950195 12756 5.000000 5.000000 64723
3 13494.944336 12756 5.000000 5.000000 64724
3 13494.950195 12756 5.000000 5.000000 64725
3 13494.950195 12756 5.000000 5.000000 64726
3 13494.961914 12756 5.000000 5.000000 64727
3 13494.950195 12756 5.000000 5.000000 64728
3 13494.944336 12756 5.000000 5.000000 64729
3 13494.950195 12756 5.000000 5.000000 64730
3 13494.950195 12756 5.000000 5.000000 64731
3 13494.938477 12756 5.000000 5.000000 64732
3 13494.961914 12756 5.000000 5.000000 64733
3 13494.950195 12756 5.000000 5.000000 64734
3 13494.944336 12756 5.000000 5.000000 64735
3 13494.950195 12756 5.000000 5.000000 64736
3 13494.950195 12756 5.000000 5.000000 64737
3 13494.950195 12756 5.000000 5.000000 64738
3 13494.961914 12756 5.000000 5.000000 64739
3 13494.950195 12756 5.000000 5.000000 64740
3 13494.956055 12756 5.000000 5.000000 64741
3 13494.950195 12756 5.000000 5.000000 64742
3 13494.961914 12756 5.000000 5.000000 64743
3 13494.938477 12756 5.000000 5.000000 64744
3 13494.956055 12756 5.000000 5.000000 64745
3 13494.961914 12756 5.000000 5.000000 64746
3 13494.950195 12756 5.000000 5.000000 64747
3 13494.961914 12756 5.000000 5.000000 64748
3 13494.950195 12756 5.000000 5.000000 64749
3 13494.950195 12756 5.000000 5.000000 64750
3 13494.938477 12756 5.000000 5.000000 64751
3 13494.938477 12756 5.000000 5.000000 64752
3 13494.973633 12756 5.000000 5.000000 64753
3 13494.944336 12756 5.000000 5.000000 64754
3 13494.950195 12756 5.000000 5.000000 64755
3 13494.961914 12756 5.000000 5.000000 64756
3 13494.950195 12756 5.000000 5.000000 64757
3 13494.961914 12756 5.000000 5.000000 64758
3 13494.956055 12756 5.000000 5.000000 64759
3 13494.950195 12756 5.000000 5.000000 64760
3 13494.961914 12756 5.000000 5.000000 64761
3 13494.950195 12756 5.000000 5.000000 64762
3 13494.950195 12756 5.000000 5.000000 64763
3 13494.961914 12756 5.000000 5.000000 64764
3 13494.944336 12756 5.000000 5.000000 64765
3 13494.950195 12756 5.000000 5.000000 64766
3 13494.950195 12756 5.000000 5.000000 64767
3 13494.938477 12756 5.000000 5.000000 64768
3 13494.938477 12756 5.000000 5.000000 64769
3 13494.944336 12756 5.000000 5.000000 64770
3 13494.950195 12756 5.000000 5.000000 64771
3 13494.950195 12756 5.000000 5.000000 64772
3 13494.950195 12756 5.000000 5.000000 64773
3 13494.961914 12756 5.000000 5.000000 64774
3 13494.961914 12756 5.000000 5.000000 64775
3 13494.944336 12756 5.000000 5.000000 64776
3 13494.961914 12756 5.000000 5.000000 64777
3 13494.938477 12756 5.000000 5.000000 64778
3 13494.950195 12745 5.000000 5.000000 64779
3 13494.950195 12745 5.000000 5.000000 64780
3 13494.950195 12745 5.000000 5.000000 64781
3 13494.944336 12745 5.000000 5.000000 64782
3 13494.950195 12745 5.000000 5.000000 64783
3 13494.961914 12745 5.000000 5.000000 64784
3 13494.938477 12745 5.000000 5.000000 64785
3 13494.950195 12745 5.000000 5.000000 64786
3 13494.950195 12745 5.000000 5.000000 64787
3 13494.956055 12745 5.000000 5.000000 64788
3 13494.950195 12745 5.000000 5.000000 64789
3 13494.950195 12756 5.000000 5.000000 64790
3 13494.950195 12756 5.000000 5.000000 64791
3 13494.950195 12756 5.000000 5.000000 64792
4 13494.979492 12745 5.000000 5.000000 80145
4 13494.985352 12745 5.000000 5.000000 80146
4 13494.985352 12756 5.000000 5.000000 80147
4 13494.985352 12756 5.000000 5.000000 80148
4 13494.997070 12756 5.000000 5.000000 80149
4 13494.967773 12756 5.000000 5.000000 80150
4 13494.985352 12756 5.000000 5.000000 80151
4 13494.985352 12756 5.000000 5.000000 80152
4 13494.985352 12756 5.000000 5.000000 80153
4 13494.985352 12756 5.000000 5.000000 80154
4 13494.985352 12756 5.000000 5.000000 80155
4 13494.992188 12756 5.000000 5.000000 80156
4 13494.985352 12756 5.000000 5.000000 80157
4 13494.973633 12756 5.000000 5.000000 80158
4 13494.997070 12756 5.000000 5.000000 80159
4 13494.973633 12756 5.000000 5.000000 80160
4 13495.003906 12756 5.000000 5.000000 80161
4 13494.973633 12756 5.000000 5.000000 80162
4 13494.985352 12745 5.000000 5.000000 80163
4 13494.985352 12745 5.000000 5.000000 80164
4 13494.985352 12745 5.000000 5.000000 80165
4 13494.985352 12745 5.000000 5.000000 80166
4 13494.979492 12745 5.000000 5.000000 80167
4 13494.973633 12745 5.000000 5.000000 80168
4 13494.985352 12745 5.000000 5.000000 80169
4 13494.985352 12745 5.000000 5.000000 80170
4 13494.973633 12745 5.000000 5.000000 80171
4 13494.992188 12745 5.000000 5.000000 80172
4 13494.985352 12745 5.000000 5.000000 80173
4 13494.973633 12745 5.000000 5.000000 80174
4 13494.973633 12745 5.000000 5.000000 80175
4 13494.985352 12745 5.000000 5.000000 80176
4 13494.979492 12745 5.000000 5.000000 80177
4 13494.973633 12745 5.000000 5.000000 80178
4 13494.973633 12745 5.000000 5.000000 80179
4 13494.973633 12745 5.000000 5.000000 80180
4 13494.985352 12745 5.000000 5.000000 80181
4 13494.985352 12745 5.000000 5.000000 80182
4 13494.979492 12745 5.000000 5.000000 80183
4 13494.985352 12745 5.000000 5.000000 80184
4 13494.973633 12745 5.000000 5.000000 80185
4 13494.985352 12745 5.000000 5.000000 80186
4 13494.973633 12745 5.000000 5.000000 80187
4 13494.979492 12745 5.000000 5.000000 80188
4 13494.985352 12745 5.000000 5.000000 80189
4 13494.985352 12745 5.000000 5.000000 80190
4 13494.997070 12745 5.000000 5.000000 80191
4 13494.985352 12745 5.000000 5.000000 80192
4 13494.985352 12745 5.000000 5.000000 80193
4 13494.992188 12745 5.000000 5.000000 80194
4 13494.985352 12756 5.000000 5.000000 80195
4 13494.985352 12756 5.000000 5.000000 80196
4 13494.997070 12756 5.000000 5.000000 80197
4 13494.985352 12756 5.000000 5.000000 80198
4 13494.979492 12756 5.000000 5.000000 80199
4 13494.997070 12756 5.000000 5.000000 80200
4 13494.997070 12756 5.000000 5.000000 80201
4 13494.985352 12756 5.000000 5.000000 80202
4 13494.997070 12756 5.000000 5.000000 80203
4 13494.985352 12756 5.000000 5.000000 80204
4 13494.992188 12756 5.000000 5.000000 80205
4 13494.985352 12756 5.000000 5.000000 80206
4 13494.985352 12756 5.000000 5.000000 80207
4 13494.985352 12756 5.000000 5.000000 80208
4 13494.985352 12756 5.000000 5.000000 80209
4 13494.979492 12756 5.000000 5.000000 80210
4 13494.985352 12756 5.000000 5.000000 80211
4 13494.997070 12756 5.000000 5.000000 80212
4 13494.973633 12756 5.000000 5.000000 80213
4 13494.985352 12756 5.000000 5.000000 80214
4 13494.979492 12756 5.000000 5.000000 80215
4 13494.973633 12756 5.000000 5.000000 80216
4 13494.985352 12756 5.000000 5.000000 80217
4 13494.997070 12756 5.000000 5.000000 80218
4 13494.985352 12756 5.000000 5.000000 80219
4 13494.997070 12756 5.000000 5.000000 80220
4 13494.992188 12756 5.000000 5.000000 80221
4 13494.985352 12756 5.000000 5.000000 80222
4 13494.997070 12756 5.000000 5.000000 80223
4 13494.997070 12756 5.000000 5.000000 80224
4 13494.985352 12756 5.000000 5.000000 80225
4 13494.992188 12756 5.000000 5.000000 80226
4 13494.997070 12745 5.000000 5.000000 80227
4 13494.997070 12745 5.000000 5.000000 80228
4 13494.997070 12745 5.000000 5.000000 80229
4 13494.997070 12745 5.000000 5.000000 80230
4 13494.985352 12745 5.000000 5.000000 80231
4 13494.979492 12745 5.000000 5.000000 80232
4 13494.997070 12745 5.000000 5.000000 80233
4 13494.973633 12745 5.000000 5.000000 80234
4 13494.997070 12745 5.000000 5.000000 80235
4 13494.997070 12745 5.000000 5.000000 80236
4 13494.985352 12745 5.000000 5.000000 80237
4 13494.973633 12745 5.000000 5.000000 80238
4 13494.997070 12745 5.000000 5.000000 80239
4 13494.979492 12745 5.000000 5.000000 80240
4 13494.985352 12756 5.000000 5.000000 80241
4 13494.985352 12756 5.000000 5.000000 80242
4 13494.997070 12756 5.000000 5.000000 80243
4 13494.997070 12756 5.000000 5.000000 80244
4 13494.985352 12756 5.000000 5.000000 80245
4 13494.973633 12756 5.000000 5.000000 80246
4 13494.973633 12756 5.000000 5.000000 80247
4 13494.985352 12756 5.000000 5.000000 80248
4 13494.985352 12756 5.000000 5.000000 80249
4 13494.985352 12756 5.000000 5.000000 80250
4 13494.992188 12756 5.000000 5.000000 80251
4 13494.985352 12756 5.000000 5.000000 80252
4 13494.985352 12756 5.000000 5.000000 80253
4 13494.973633 12756 5.000000 5.000000 80254
4 13494.985352 12756 5.000000 5.000000 80255
4 13494.997070 12756 5.000000 5.000000 80256
4 13494.979492 12756 5.000000 5.000000 80257
4 13494.997070 12756 5.000000 5.000000 80258
4 13494.985352 12756 5.000000 5.000000 80259
4 13494.985352 12756 5.000000 5.000000 80260
4 13494.985352 12756 5.000000 5.000000 80261
4 13494.992188 12756 5.000000 5.000000 80262
4 13494.997070 12756 5.000000 5.000000 80263
4 13494.997070 12756 5.000000 5.000000 80264
4 13494.973633 12756 5.000000 5.000000 80265
4 13494.997070 12756 5.000000 5.000000 80266
4 13494.979492 12756 5.000000 5.000000 80267
4 13494.973633 12756 5.000000 5.000000 80268
4 13494.973633 12756 5.000000 5.000000 80269
4 13494.985352 12756 5.000000 5.000000 80270
4 13494.985352 12756 5.000000 5.000000 80271
4 13494.973633 12756 5.000000 5.000000 80272
4 13494.979492 12745 5.000000 5.000000 80273
4 13494.985352 12745 5.000000 5.000000 80274
4 13494.985352 12745 5.000000 5.000000 80275
4 13494.985352 12745 5.000000 5.000000 80276
4 13494.979492 12745 5.000000 5.000000 80277
4 13494.997070 12745 5.000000 5.000000 80278
4 13494.973633 12745 5.000000 5.000000 80279
4 13494.997070 12745 5.000000 5.000000 80280
4 13494.985352 12745 5.000000 5.000000 80281
4 13494.979492 12745 5.000000 5.000000 80282
4 13494.985352 12745 5.000000 5.000000 80283
4 13494.985352 12745 5.000000 5.000000 80284
4 13494.992188 12745 5.000000 5.000000 80285
4 13494.973633 12745 5.000000 5.000000 80286
4 13494.973633 12745 5.000000 5.000000 80287
4 13494.985352 12756 5.000000 5.000000 80288
4 13494.973633 12756 5.000000 5.000000 80289
4 13494.997070 12756 5.000000 5.000000 80290
4 13494.967773 12756 5.000000 5.000000 80291
4 13494.973633 12756 5.000000 5.000000 80292
4 13494.985352 12756 5.000000 5.000000 80293
4 13494.961914 12756 5.000000 5.000000 80294
4 13494.973633 12756 5.000000 5.000000 80295
4 13494.979492 12756 5.000000 5.000000 80296
4 13494.985352 12756 5.000000 5.000000 80297
4 13494.985352 12756 5.000000 5.000000 80298
4 13494.985352 12756 5.000000 5.000000 80299
4 13494.973633 12756 5.000000 5.000000 80300
4 13494.973633 12756 5.000000 5.000000 80301
4 13494.992188 12756 5.000000 5.000000 80302
4 13494.973633 12756 5.000000 5.000000 80303
4 13494.973633 12756 5.000000 5.000000 80304
4 13494.985352 12756 5.000000 5.000000 80305
4 13494.973633 12756 5.000000 5.000000 80306
4 13494.967773 12756 5.000000 5.000000 80307
4 13494.985352 12756 5.000000 5.000000 80308
4 13494.973633 12756 5.000000 5.000000 80309
4 13494.973633 12756 5.000000 5.000000 80310
4 13494.985352 12756 5.000000 5.000000 80311
4 13494.979492 12756 5.000000 5.000000 80312
4 13494.985352 12756 5.000000 5.000000 80313
4 13494.973633 12756 5.000000 5.000000 80314
4 13494.973633 12756 5.000000 5.000000 80315
4 13494.985352 12756 5.000000 5.000000 80316
4 13494.973633 12756 5.000000 5.000000 80317
4 13494.979492 12756 5.000000 5.000000 80318
4 13494.985352 12756 5.000000 5.000000 80319
4 13494.985352 12745 5.000000 5.000000 80320
4 13494.985352 12745 5.000000 5.000000 80321
4 13494.973633 12745 5.000000 5.000000 80322
4 13494.979492 12745 5.000000 5.000000 80323
4 13494.973633 12745 5.000000 5.000000 80324
4 13494.973633 12745 5.000000 5.000000 80325
4 13494.997070 12745 5.000000 5.000000 80326
4 13494.985352 12745 5.000000 5.000000 80327
4 13494.992188 12745 5.000000 5.000000 80328
4 13494.985352 12745 5.000000 5.000000 80329
4 13494.973633 12745 5.000000 5.000000 80330
4 13494.985352 12745 5.000000 5.000000 80331
4 13494.985352 12745 5.000000 5.000000 80332
4 13494.979492 12745 5.000000 5.000000 80333
4 13494.985352 12745 5.000000 5.000000 80334
4 13494.985352 12756 5.000000 5.000000 80335
4 13494.973633 12756 5.000000 5.000000 80336
4 13494.985352 12756 5.000000 5.000000 80337
4 13494.973633 12756 5.000000 5.000000 80338
4 13494.979492 12756 5.000000 5.000000 80339
4 13494.985352 12756 5.000000 5.000000 80340
4 13494.973633 12756 5.000000 5.000000 80341
4 13494.973633 12756 5.000000 5.000000 80342
4 13494.973633 12756 5.000000 5.000000 80343
4 13494.979492 12756 5.000000 5.000000 80344
4 13494.973633 12756 5.000000 5.000000 80345
4 13494.985352 12756 5.000000 5.000000 80346
4 13494.973633 12756 5.000000 5.000000 80347
4 13494.985352 12756 5.000000 5.000000 80348
4 13494.985352 12756 5.000000 5.000000 80349
4 13494.979492 12756 5.000000 5.000000 80350
4 13494.973633 12756 5.000000 5.000000 80351
4 13494.973633 12756 5.000000 5.000000 80352
4 13494.997070 12756 5.000000 5.000000 80353
4 13494.985352 12756 5.000000 5.000000 80354
4 13494.992188 12756 5.000000 5.000000 80355
4 13494.985352 12756 5.000000 5.000000 80356
4 13494.985352 12756 5.000000 5.000000 80357
4 13494.985352 12756 5.000000 5.000000 80358
4 13494.997070 12756 5.000000 5.000000 80359
4 13494.992188 12756 5.000000 5.000000 80360
4 13494.997070 12756 5.000000 5.000000 80361
4 13494.985352 12756 5.000000 5.000000 80362
4 13494.985352 12756 5.000000 5.000000 80363
4 13494.985352 12756 5.000000 5.000000 80364
4 13494.997070 12756 5.000000 5.000000 80365
4 13494.992188 12756 5.000000 5.000000 80366
4 13494.985352 12756 5.000000 5.000000 80367
4 13494.997070 12756 5.000000 5.000000 80368
4 13494.985352 12756 5.000000 5.000000 80369
4 13494.985352 12756 5.000000 5.000000 80370
4 13494.979492 12756 5.000000 5.000000 80371
4 13494.985352 12756 5.000000 5.000000 80372
4 13494.997070 12756 5.000000 5.000000 80373
4 13494.985352 12756 5.000000 5.000000 80374
4 13494.985352 12756 5.000000 5.000000 80375
4 13494.985352 12756 5.000000 5.000000 80376
4 13494.979492 12756 5.000000 5.000000 80377
4 13494.985352 12756 5.000000 5.000000 80378
4 13494.985352 12756 5.000000 5.000000 80379
4 13494.985352 12756 5.000000 5.000000 80380
4 13494.985352 12756 5.000000 5.000000 80381
4 13494.967773 12756 5.000000 5.000000 80382
4 13494.985352 12756 5.000000 5.000000 80383
4 13494.985352 12756 5.000000 5.000000 80384
4 13494.985352 12756 5.000000 5.000000 80385
4 13494.985352 12756 5.000000 5.000000 80386
4 13494.973633 12756 5.000000 5.000000 80387
4 13494.992188 12756 5.000000 5.000000 80388
4 13494.985352 12756 5.000000 5.000000 80389
4 13494.973633 12756 5.000000 5.000000 80390
4 13494.973633 12756 5.000000 5.000000 80391
4 13494.985352 12756 5.000000 5.000000 80392
4 13494.979492 12756 5.000000 5.000000 80393
4 13494.973633 12756 5.000000 5.000000 80394
4 13494.997070 12756 5.000000 5.000000 80395
4 13494.961914 12756 5.000000 5.000000 80396
4 13494.985352 12756 5.000000 5.000000 80397
4 13494.979492 12756 5.000000 5.000000 80398
4 13494.985352 12756 5.000000 5.000000 80399
4 13494.985352 12756 5.000000 5.000000 80400
4 13494.985352 12756 5.000000 5.000000 80401
4 13494.985352 12756 5.000000 5.000000 80402
4 13494.973633 12756 5.000000 5.000000 80403
4 13494.992188 12756 5.000000 5.000000 80404
4 13494.973633 12756 5.000000 5.000000 80405
4 13494.997070 12756 5.000000 5.000000 80406
4 13494.973633 12756 5.000000 5.000000 80407
4 13494.985352 12756 5.000000 5.000000 80408
4 13494.979492 12756 5.000000 5.000000 80409
4 13494.985352 12756 5.000000 5.000000 80410
4 13494.985352 12756 5.000000 5.000000 80411
4 13494.973633 12756 5.000000 5.000000 80412
4 13494.985352 12756 5.000000 5.000000 80413
4 13494.985352 12756 5.000000 5.000000 80414
4 13494.992188 12756 5.000000 5.000000 80415
4 13494.973633 12756 5.000000 5.000000 80416
4 13494.985352 12756 5.000000 5.000000 80417
4 13494.985352 12756 5.000000 5.000000 80418
4 13494.985352 12756 5.000000 5.000000 80419
4 13494.979492 12756 5.000000 5.000000 80420
4 13494.985352 12756 5.000000 5.000000 80421
4 13494.973633 12756 5.000000 5.000000 80422
4 13494.973633 12756 5.000000 5.000000 80423
4 13494.985352 12756 5.000000 5.000000 80424
4 13494.979492 12756 5.000000 5.000000 80425
4 13494.973633 12756 5.000000 5.000000 80426
4 13494.985352 12756 5.000000 5.000000 80427
4 13494.985352 12756 5.000000 5.000000 80428
4 13494.973633 12756 5.000000 5.000000 80429
4 13494.967773 12745 5.000000 5.000000 80430
4 13494.973633 12745 5.000000 5.000000 80431
4 13494.961914 12745 5.000000 5.000000 80432
4 13494.985352 12745 5.000000 5.000000 80433
4 13494.973633 12745 5.000000 5.000000 80434
4 13494.985352 12745 5.000000 5.000000 80435
4 13494.992188 12745 5.000000 5.000000 80436
4 13494.973633 12745 5.000000 5.000000 80437
4 13494.961914 12745 5.000000 5.000000 80438
4 13494.985352 12745 5.000000 5.000000 80439
4 13494.973633 12745 5.000000 5.000000 80440
4 13494.992188 12745 5.000000 5.000000 80441
4 13494.973633 12745 5.000000 5.000000 80442
4 13494.973633 12745 5.000000 5.000000 80443
4 13494.985352 12745 5.000000 5.000000 80444
4 13494.985352 12745 5.000000 5.000000 80445
4 13494.979492 12756 5.000000 5.000000 80446
4 13494.973633 12756 5.000000 5.000000 80447
4 13494.985352 12756 5.000000 5.000000 80448
4 13494.973633 12756 5.000000 5.000000 80449
4 13494.985352 12756 5.000000 5.000000 80450
4 13494.973633 12756 5.000000 5.000000 80451
4 13494.979492 12756 5.000000 5.000000 80452
4 13494.985352 12756 5.000000 5.000000 80453
4 13494.973633 12756 5.000000 5.000000 80454
4 13494.985352 12756 5.000000 5.000000 80455
4 13494.973633 12756 5.000000 5.000000 80456
4 13494.979492 12756 5.000000 5.000000 80457
4 13494.985352 12756 5.000000 5.000000 80458
4 13494.973633 12756 5.000000 5.000000 80459
4 13494.985352 12756 5.000000 5.000000 80460
4 13494.967773 12756 5.000000 5.000000 80461
4 13494.973633 12756 5.000000 5.000000 80462
4 13494.973633 12756 5.000000 5.000000 80463
4 13494.973633 12756 5.000000 5.000000 80464
4 13494.985352 12756 5.000000 5.000000 80465
4 13494.967773 12756 5.000000 5.000000 80466
4 13494.985352 12756 5.000000 5.000000 80467
4 13494.973633 12756 5.000000 5.000000 80468
4 13494.973633 12756 5.000000 5.000000 80469
4 13494.973633 12756 5.000000 5.000000 80470
4 13494.973633 12756 5.000000 5.000000 80471
4 13494.979492 12756 5.000000 5.000000 80472
4 13494.973633 12756 5.000000 5.000000 80473
4 13494.985352 12756 5.000000 5.000000 80474
4 13494.961914 12756 5.000000 5.000000 80475
4 13494.973633 12745 5.000000 5.000000 80476
4 13494.979492 12745 5.000000 5.000000 80477
4 13494.973633 12745 5.000000 5.000000 80478
4 13494.973633 12745 5.000000 5.000000 80479
4 13494.973633 12745 5.000000 5.000000 80480
4 13494.973633 12745 5.000000 5.000000 80481
4 13494.985352 12745 5.000000 5.000000 80482
4 13494.979492 12745 5.000000 5.000000 80483
4 13494.985352 12745 5.000000 5.000000 80484
4 13494.985352 12745 5.000000 5.000000 80485
4 13494.985352 12745 5.000000 5.000000 80486
4 13494.973633 12745 5.000000 5.000000 80487
4 13494.979492 12745 5.000000 5.000000 80488
4 13494.985352 12745 5.000000 5.000000 80489
4 13494.985352 12745 5.000000 5.000000 80490
4 13494.985352 12745 5.000000 5.000000 80491
4 13494.985352 12756 5.000000 5.000000 80492
4 13494.985352 12756 5.000000 5.000000 80493
4 13494.992188 12756 5.000000 5.000000 80494
4 13494.985352 12756 5.000000 5.000000 80495
4 13494.985352 12756 5.000000 5.000000 80496
4 13494.985352 12756 5.000000 5.000000 80497
4 13494.973633 12756 5.000000 5.000000 80498
4 13494.992188 12756 5.000000 5.000000 80499
4 13494.985352 12756 5.000000 5.000000 80500
4 13494.985352 12756 5.000000 5.000000 80501
4 13494.973633 12756 5.000000 5.000000 80502
4 13494.985352 12756 5.000000 5.000000 80503
4 13494.973633 12756 5.000000 5.000000 80504
4 13494.979492 12756 5.000000 5.000000 80505
4 13494.973633 12756 5.000000 5.000000 80506
4 13494.997070 12756 5.000000 5.000000 80507
4 13494.985352 12756 5.000000 5.000000 80508
4 13494.985352 12756 5.000000 5.000000 80509
4 13494.992188 12756 5.000000 5.000000 80510
4 13494.985352 12756 5.000000 5.000000 80511
4 13494.997070 12756 5.000000 5.000000 80512
4 13494.985352 12756 5.000000 5.000000 80513
4 13494.997070 12756 5.000000 5.000000 80514
4 13494.979492 12756 5.000000 5.000000 80515
4 13494.997070 12756 5.000000 5.000000 80516
4 13494.973633 12756 5.000000 5.000000 80517
4 13494.985352 12756 5.000000 5.000000 80518
4 13494.997070 12756 5.000000 5.000000 80519
4 13494.985352 12756 5.000000 5.000000 80520
4 13494.979492 12756 5.000000 5.000000 80521
4 13494.985352 12756 5.000000 5.000000 80522
4 13494.985352 12756 5.000000 5.000000 80523
4 13494.973633 12745 5.000000 5.000000 80524
4 13494.985352 12745 5.000000 5.000000 80525
4 13494.979492 12745 5.000000 5.000000 80526
4 13494.985352 12745 5.000000 5.000000 80527
4 13494.973633 12745 5.000000 5.000000 80528
4 13494.985352 12745 5.000000 5.000000 80529
4 13494.985352 12745 5.000000 5.000000 80530
4 13494.985352 12745 5.000000 5.000000 80531
4 13494.979492 12745 5.000000 5.000000 80532
4 13494.985352 12745 5.000000 5.000000 80533
4 13494.985352 12745 5.000000 5.000000 80534
4 13494.997070 12745 5.000000 5.000000 80535
4 13494.985352 12745 5.000000 5.000000 80536
4 13494.992188 12745 5.000000 5.000000 80537
4 13494.985352 12745 5.000000 5.000000 80538
4 13494.973633 12745 5.000000 5.000000 80539
4 13494.985352 12756 5.000000 5.000000 80540
4 13494.985352 12756 5.000000 5.000000 80541
4 13494.979492 12756 5.000000 5.000000 80542
4 13494.973633 12756 5.000000 5.000000 80543
4 13494.985352 12756 5.000000 5.000000 80544
5 13495.021484 12756 5.000000 5.000000 95897
5 13495.021484 12756 5.000000 5.000000 95898
5 13495.021484 12756 5.000000 5.000000 95899
5 13495.021484 12756 5.000000 5.000000 95900
5 13495.015625 12756 5.000000 5.000000 95901
5 13495.033203 12756 5.000000 5.000000 95902
5 13495.021484 12756 5.000000 5.000000 95903
5 13495.021484 12756 5.000000 5.000000 95904
5 13495.021484 12756 5.000000 5.000000 95905
5 13495.039062 12756 5.000000 5.000000 95906
5 13495.033203 12756 5.000000 5.000000 95907
5 13495.033203 12756 5.000000 5.000000 95908
5 13495.033203 12756 5.000000 5.000000 95909
5 13495.033203 12756 5.000000 5.000000 95910
5 13495.027344 12756 5.000000 5.000000 95911
5 13495.033203 12756 5.000000 5.000000 95912
5 13495.033203 12756 5.000000 5.000000 95913
5 13495.033203 12756 5.000000 5.000000 95914
5 13495.021484 12756 5.000000 5.000000 95915
5 13495.015625 12756 5.000000 5.000000 95916
5 13495.033203 12756 5.000000 5.000000 95917
5 13495.021484 12756 5.000000 5.000000 95918
5 13495.033203 12756 5.000000 5.000000 95919
5 13495.021484 12756 5.000000 5.000000 95920
5 13495.033203 12756 5.000000 5.000000 95921
5 13495.027344 12756 5.000000 5.000000 95922
5 13495.021484 12756 5.000000 5.000000 95923
5 13495.021484 12756 5.000000 5.000000 95924
5 13495.033203 12756 5.000000 5.000000 95925
5 13495.033203 12756 5.000000 5.000000 95926
5 13495.039062 12756 5.000000 5.000000 95927
5 13495.021484 12756 5.000000 5.000000 95928
5 13495.021484 12756 5.000000 5.000000 95929
5 13495.033203 12756 5.000000 5.000000 95930
5 13495.033203 12756 5.000000 5.000000 95931
5 13495.039062 12756 5.000000 5.000000 95932
5 13495.021484 12756 5.000000 5.000000 95933
5 13495.021484 12756 5.000000 5.000000 95934
5 13495.021484 12756 5.000000 5.000000 95935
5 13495.021484 12756 5.000000 5.000000 95936
5 13495.015625 12756 5.000000 5.000000 95937
5 13495.033203 12756 5.000000 5.000000 95938
5 13495.033203 12756 5.000000 5.000000 95939
5 13495.021484 12756 5.000000 5.000000 95940
5 13495.021484 12756 5.000000 5.000000 95941
5 13495.027344 12756 5.000000 5.000000 95942
5 13495.021484 12756 5.000000 5.000000 95943
5 13495.033203 12756 5.000000 5.000000 95944
5 13495.033203 12756 5.000000 5.000000 95945
5 13495.021484 12756 5.000000 5.000000 95946
5 13495.039062 12756 5.000000 5.000000 95947
5 13495.033203 12756 5.000000 5.000000 95948
5 13495.021484 12756 5.000000 5.000000 95949
5 13495.021484 12756 5.000000 5.000000 95950
5 13495.021484 12756 5.000000 5.000000 95951
5 13495.009766 12756 5.000000 5.000000 95952
5 13495.015625 12756 5.000000 5.000000 95953
5 13495.009766 12756 5.000000 5.000000 95954
5 13495.009766 12756 5.000000 5.000000 95955
5 13495.033203 12756 5.000000 5.000000 95956
5 13495.033203 12756 5.000000 5.000000 95957
5 13495.039062 12756 5.000000 5.000000 95958
5 13495.021484 12756 5.000000 5.000000 95959
5 13495.021484 12756 5.000000 5.000000 95960
5 13495.033203 12756 5.000000 5.000000 95961
5 13495.021484 12756 5.000000 5.000000 95962
5 13495.015625 12756 5.000000 5.000000 95963
5 13495.033203 12756 5.000000 5.000000 95964
5 13495.033203 12756 5.000000 5.000000 95965
5 13495.021484 12756 5.000000 5.000000 95966
5 13495.033203 12756 5.000000 5.000000 95967
5 13495.015625 12756 5.000000 5.000000 95968
5 13495.021484 12756 5.000000 5.000000 95969
5 13495.021484 12756 5.000000 5.000000 95970
5 13495.021484 12756 5.000000 5.000000 95971
5 13495.009766 12756 5.000000 5.000000 95972
5 13495.015625 12756 5.000000 5.000000 95973
5 13495.021484 12756 5.000000 5.000000 95974
5 13495.009766 12756 5.000000 5.000000 95975
5 13495.021484 12756 5.000000 5.000000 95976
5 13495.021484 12756 5.000000 5.000000 95977
5 13495.033203 12756 5.000000 5.000000 95978
5 13495.027344 12756 5.000000 5.000000 95979
5 13495.021484 12756 5.000000 5.000000 95980
5 13495.033203 12756 5.000000 5.000000 95981
5 13495.021484 12756 5.000000 5.000000 95982
5 13495.021484 12756 5.000000 5.000000 95983
5 13495.015625 12756 5.000000 5.000000 95984
5 13495.021484 12756 5.000000 5.000000 95985
5 13495.021484 12756 5.000000 5.000000 95986
5 13495.021484 12756 5.000000 5.000000 95987
5 13495.015625 12756 5.000000 5.000000 95988
5 13495.033203 12756 5.000000 5.000000 95989
5 13495.021484 12756 5.000000 5.000000 95990
5 13495.021484 12756 5.000000 5.000000 95991
5 13495.033203 12756 5.000000 5.000000 95992
5 13495.027344 12756 5.000000 5.000000 95993
5 13495.021484 12756 5.000000 5.000000 95994
5 13495.044922 12756 5.000000 5.000000 95995
5 13495.021484 12756 5.000000 5.000000 95996
5 13495.033203 12756 5.000000 5.000000 95997
5 13495.027344 12756 5.000000 5.000000 95998
5 13495.021484 12756 5.000000 5.000000 95999
5 13495.021484 12756 5.000000 5.000000 96000
5 13495.033203 12756 5.000000 5.000000 96001
5 13495.021484 12756 5.000000 5.000000 96002
5 13495.033203 12756 5.000000 5.000000 96003
5 13495.039062 12756 5.000000 5.000000 96004
5 13495.021484 12756 5.000000 5.000000 96005
5 13495.033203 12756 5.000000 5.000000 96006
5 13495.021484 12756 5.000000 5.000000 96007
5 13495.033203 12756 5.000000 5.000000 96008
5 13495.027344 12756 5.000000 5.000000 96009
5 13495.033203 12756 5.000000 5.000000 96010
5 13495.033203 12756 5.000000 5.000000 96011
5 13495.033203 12756 5.000000 5.000000 96012
5 13495.021484 12756 5.000000 5.000000 96013
5 13495.039062 12756 5.000000 5.000000 96014
5 13495.033203 12756 5.000000 5.000000 96015
5 13495.021484 12756 5.000000 5.000000 96016
5 13495.033203 12756 5.000000 5.000000 96017
5 13495.033203 12756 5.000000 5.000000 96018
5 13495.027344 12756 5.000000 5.000000 96019
5 13495.021484 12756 5.000000 5.000000 96020
5 13495.021484 12756 5.000000 5.000000 96021
5 13495.033203 12756 5.000000 5.000000 96022
5 13495.021484 12756 5.000000 5.000000 96023
5 13495.027344 12767 5.000000 5.000000 96024
5 13495.044922 12767 5.000000 5.000000 96025
5 13495.021484 12767 5.000000 5.000000 96026
5 13495.021484 12767 5.000000 5.000000 96027
5 13495.033203 12767 5.000000 5.000000 96028
5 13495.027344 12767 5.000000 5.000000 96029
5 13495.021484 12767 5.000000 5.000000 96030
5 13495.021484 12767 5.000000 5.000000 96031
5 13495.033203 12767 5.000000 5.000000 96032
5 13495.033203 12767 5.000000 5.000000 96033
5 13495.033203 12767 5.000000 5.000000 96034
5 13495.027344 12767 5.000000 5.000000 96035
5 13495.033203 12767 5.000000 5.000000 96036
5 13495.033203 12767 5.000000 5.000000 96037
5 13495.021484 12767 5.000000 5.000000 96038
5 13495.033203 12767 5.000000 5.000000 96039
5 13495.027344 12756 5.000000 5.000000 96040
5 13495.021484 12756 5.000000 5.000000 96041
5 13495.044922 12756 5.000000 5.000000 96042
5 13495.021484 12756 5.000000 5.000000 96043
5 13495.033203 12756 5.000000 5.000000 96044
5 13495.027344 12756 5.000000 5.000000 96045
5 13495.033203 12756 5.000000 5.000000 96046
5 13495.021484 12756 5.000000 5.000000 96047
5 13495.033203 12756 5.000000 5.000000 96048
5 13495.033203 12756 5.000000 5.000000 96049
5 13495.039062 12756 5.000000 5.000000 96050
5 13495.021484 12756 5.000000 5.000000 96051
5 13495.033203 12756 5.000000 5.000000 96052
5 13495.033203 12756 5.000000 5.000000 96053
5 13495.021484 12756 5.000000 5.000000 96054
5 13495.039062 12756 5.000000 5.000000 96055
5 13495.033203 12756 5.000000 5.000000 96056
5 13495.021484 12756 5.000000 5.000000 96057
5 13495.033203 12756 5.000000 5.000000 96058
5 13495.021484 12756 5.000000 5.000000 96059
5 13495.027344 12756 5.000000 5.000000 96060
5 13495.033203 12756 5.000000 5.000000 96061
5 13495.033203 12756 5.000000 5.000000 96062
5 13495.021484 12756 5.000000 5.000000 96063
5 13495.033203 12756 5.000000 5.000000 96064
5 13495.044922 12756 5.000000 5.000000 96065
5 13495.027344 12756 5.000000 5.000000 96066
5 13495.033203 12756 5.000000 5.000000 96067
5 13495.033203 12756 5.000000 5.000000 96068
5 13495.015625 12756 5.000000 5.000000 96069
5 13495.033203 12767 5.000000 5.000000 96070
5 13495.021484 12767 5.000000 5.000000 96071
5 13495.033203 12767 5.000000 5.000000 96072
5 13495.033203 12767 5.000000 5.000000 96073
5 13495.027344 12767 5.000000 5.000000 96074
5 13495.033203 12767 5.000000 5.000000 96075
5 13495.021484 12767 5.000000 5.000000 96076
5 13495.033203 12767 5.000000 5.000000 96077
5 13495.033203 12767 5.000000 5.000000 96078
5 13495.039062 12767 5.000000 5.000000 96079
5 13495.021484 12767 5.000000 5.000000 96080
5 13495.033203 12767 5.000000 5.000000 96081
5 13495.021484 12767 5.000000 5.000000 96082
5 13495.021484 12767 5.000000 5.000000 96083
5 13495.027344 12767 5.000000 5.000000 96084
5 13495.021484 12767 5.000000 5.000000 96085
5 13495.033203 12756 5.000000 5.000000 96086
5 13495.033203 12756 5.000000 5.000000 96087
5 13495.021484 12756 5.000000 5.000000 96088
5 13495.027344 12756 5.000000 5.000000 96089
5 13495.021484 12756 5.000000 5.000000 96090
5 13495.021484 12756 5.000000 5.000000 96091
5 13495.021484 12756 5.000000 5.000000 96092
5 13495.044922 12756 5.000000 5.000000 96093
5 13495.021484 12756 5.000000 5.000000 96094
5 13495.027344 12756 5.000000 5.000000 96095
5 13495.033203 12756 5.000000 5.000000 96096
5 13495.033203 12756 5.000000 5.000000 96097
5 13495.021484 12756 5.000000 5.000000 96098
5 13495.021484 12756 5.000000 5.000000 96099
5 13495.027344 12756 5.000000 5.000000 96100
5 13495.009766 12756 5.000000 5.000000 96101
5 13495.021484 12756 5.000000 5.000000 96102
5 13495.021484 12756 5.000000 5.000000 96103
5 13495.044922 12756 5.000000 5.000000 96104
5 13495.027344 12756 5.000000 5.000000 96105
5 13495.021484 12756 5.000000 5.000000 96106
5 13495.021484 12756 5.000000 5.000000 96107
5 13495.033203 12756 5.000000 5.000000 96108
5 13495.033203 12756 5.000000 5.000000 96109
5 13495.027344 12756 5.000000 5.000000 96110
5 13495.021484 12756 5.000000 5.000000 96111
5 13495.044922 12756 5.000000 5.000000 96112
5 13495.033203 12756 5.000000 5.000000 96113
5 13495.021484 12756 5.000000 5.000000 96114
5 13495.039062 12756 5.000000 5.000000 96115
5 13495.044922 12756 5.000000 5.000000 96116
5 13495.021484 12756 5.000000 5.000000 96117
5 13495.044922 12767 5.000000 5.000000 96118
5 13495.033203 12767 5.000000 5.000000 96119
5 13495.027344 12767 5.000000 5.000000 96120
5 13495.033203 12767 5.000000 5.000000 96121
5 13495.033203 12767 5.000000 5.000000 96122
5 13495.033203 12767 5.000000 5.000000 96123
5 13495.033203 12767 5.000000 5.000000 96124
5 13495.033203 12767 5.000000 5.000000 96125
5 13495.039062 12767 5.000000 5.000000 96126
5 13495.021484 12767 5.000000 5.000000 96127
5 13495.033203 12767 5.000000 5.000000 96128
5 13495.021484 12767 5.000000 5.000000 96129
5 13495.009766 12767 5.000000 5.000000 96130
5 13495.027344 12767 5.000000 5.000000 96131
5 13495.033203 12767 5.000000 5.000000 96132
5 13495.021484 12767 5.000000 5.000000 96133
5 13495.033203 12756 5.000000 5.000000 96134
5 13495.033203 12756 5.000000 5.000000 96135
5 13495.027344 12756 5.000000 5.000000 96136
5 13495.033203 12756 5.000000 5.000000 96137
5 13495.009766 12756 5.000000 5.000000 96138
5 13495.009766 12756 5.000000 5.000000 96139
5 13495.033203 12756 5.000000 5.000000 96140
5 13495.015625 12756 5.000000 5.000000 96141
5 13495.021484 12756 5.000000 5.000000 96142
5 13495.033203 12756 5.000000 5.000000 96143
5 13495.021484 12756 5.000000 5.000000 96144
5 13495.021484 12756 5.000000 5.000000 96145
5 13495.027344 12756 5.000000 5.000000 96146
5 13495.021484 12756 5.000000 5.000000 96147
5 13495.033203 12756 5.000000 5.000000 96148
5 13495.009766 12756 5.000000 5.000000 96149
5 13495.033203 12756 5.000000 5.000000 96150
5 13495.009766 12756 5.000000 5.000000 96151
5 13495.015625 12756 5.000000 5.000000 96152
5 13495.033203 12756 5.000000 5.000000 96153
5 13495.021484 12756 5.000000 5.000000 96154
5 13495.033203 12756 5.000000 5.000000 96155
5 13495.033203 12756 5.000000 5.000000 96156
5 13495.027344 12756 5.000000 5.000000 96157
5 13495.021484 12756 5.000000 5.000000 96158
5 13495.021484 12756 5.000000 5.000000 96159
5 13495.021484 12756 5.000000 5.000000 96160
5 13495.033203 12756 5.000000 5.000000 96161
5 13495.015625 12756 5.000000 5.000000 96162
5 13495.033203 12756 5.000000 5.000000 96163
5 13495.033203 12756 5.000000 5.000000 96164
5 13495.033203 12756 5.000000 5.000000 96165
5 13495.021484 12756 5.000000 5.000000 96166
5 13495.027344 12756 5.000000 5.000000 96167
5 13495.021484 12756 5.000000 5.000000 96168
5 13495.033203 12756 5.000000 5.000000 96169
5 13495.021484 12756 5.000000 5.000000 96170
5 13495.033203 12756 5.000000 5.000000 96171
5 13495.015625 12756 5.000000 5.000000 96172
5 13495.009766 12756 5.000000 5.000000 96173
5 13495.021484 12756 5.000000 5.000000 96174
5 13495.015625 12756 5.000000 5.000000 96175
5 13495.033203 12756 5.000000 5.000000 96176
5 13495.033203 12756 5.000000 5.000000 96177
5 13495.033203 12756 5.000000 5.000000 96178
5 13495.021484 12756 5.000000 5.000000 96179
5 13495.027344 12756 5.000000 5.000000 96180
5 13495.033203 12756 5.000000 5.000000 96181
5 13495.021484 12756 5.000000 5.000000 96182
5 13495.044922 12756 5.000000 5.000000 96183
5 13495.021484 12756 5.000000 5.000000 96184
5 13495.027344 12756 5.000000 5.000000 96185
5 13495.033203 12756 5.000000 5.000000 96186
5 13495.021484 12756 5.000000 5.000000 96187
5 13495.021484 12756 5.000000 5.000000 96188
5 13495.033203 12756 5.000000 5.000000 96189
5 13495.027344 12756 5.000000 5.000000 96190
5 13495.021484 12756 5.000000 5.000000 96191
5 13495.033203 12756 5.000000 5.000000 96192
5 13495.021484 12756 5.000000 5.000000 96193
5 13495.033203 12756 5.000000 5.000000 96194
5 13495.027344 12756 5.000000 5.000000 96195
5 13495.033203 12756 5.000000 5.000000 96196
5 13495.021484 12756 5.000000 5.000000 96197
5 13495.021484 12756 5.000000 5.000000 96198
5 13495.009766 12756 5.000000 5.000000 96199
5 13495.027344 12756 5.000000 5.000000 96200
5 13495.021484 12756 5.000000 5.000000 96201
5 13495.021484 12756 5.000000 5.000000 96202
5 13495.009766 12756 5.000000 5.000000 96203
5 13495.033203 12756 5.000000 5.000000 96204
5 13495.021484 12756 5.000000 5.000000 96205
5 13495.027344 12756 5.000000 5.000000 96206
5 13495.021484 12756 5.000000 5.000000 96207
5 13495.021484 12756 5.000000 5.000000 96208
5 13495.021484 12756 5.000000 5.000000 96209
5 13495.033203 12756 5.000000 5.000000 96210
5 13495.027344 12756 5.000000 5.000000 96211
5 13495.033203 12756 5.000000 5.000000 96212
5 13495.021484 12756 5.000000 5.000000 96213
5 13495.033203 12756 5.000000 5.000000 96214
5 13495.033203 12756 5.000000 5.000000 96215
5 13495.027344 12756 5.000000 5.000000 96216
5 13495.021484 12756 5.000000 5.000000 96217
5 13495.021484 12756 5.000000 5.000000 96218
5 13495.033203 12756 5.000000 5.000000 96219
5 13495.033203 12756 5.000000 5.000000 96220
5 13495.027344 12756 5.000000 5.000000 96221
5 13495.021484 12756 5.000000 5.000000 96222
5 13495.021484 12756 5.000000 5.000000 96223
5 13495.021484 12756 5.000000 5.000000 96224
5 13495.021484 12756 5.000000 5.000000 96225
5 13495.027344 12756 5.000000 5.000000 96226
5 13495.021484 12756 5.000000 5.000000 96227
5 13495.033203 12756 5.000000 5.000000 96228
5 13495.021484 12756 5.000000 5.000000 96229
5 13495.021484 12767 5.000000 5.000000 96230
5 13495.021484 12767 5.000000 5.000000 96231
5 13495.015625 12767 5.000000 5.000000 96232
5 13495.021484 12767 5.000000 5.000000 96233
5 13495.021484 12767 5.000000 5.000000 96234
5 13495.021484 12767 5.000000 5.000000 96235
5 13495.009766 12767 5.000000 5.000000 96236
5 13495.027344 12767 5.000000 5.000000 96237
5 13495.009766 12767 5.000000 5.000000 96238
5 13495.033203 12767 5.000000 5.000000 96239
5 13495.009766 12767 5.000000 5.000000 96240
5 13495.021484 12767 5.000000 5.000000 96241
5 13495.015625 12767 5.000000 5.000000 96242
5 13495.009766 12767 5.000000 5.000000 96243
5 13495.009766 12767 5.000000 5.000000 96244
5 13495.021484 12767 5.000000 5.000000 96245
5 13495.009766 12745 5.000000 5.000000 96246
5 13495.003906 12745 5.000000 5.000000 96247
5 13495.009766 12745 5.000000 5.000000 96248
5 13495.009766 12745 5.000000 5.000000 96249
5 13495.021484 12745 5.000000 5.000000 96250
5 13495.021484 12745 5.000000 5.000000 96251
5 13495.021484 12745 5.000000 5.000000 96252
5 13495.033203 12745 5.000000 5.000000 96253
5 13495.021484 12745 5.000000 5.000000 96254
5 13495.039062 12745 5.000000 5.000000 96255
5 13495.009766 12745 5.000000 5.000000 96256
5 13495.033203 12745 5.000000 5.000000 96257
5 13495.009766 12745 5.000000 5.000000 96258
5 13495.021484 12756 5.000000 5.000000 96259
5 13495.015625 12756 5.000000 5.000000 96260
5 13495.009766 12756 5.000000 5.000000 96261
5 13495.021484 12756 5.000000 5.000000 96262
5 13495.021484 12756 5.000000 5.000000 96263
5 13495.009766 12756 5.000000 5.000000 96264
5 13495.027344 12756 5.000000 5.000000 96265
5 13495.033203 12756 5.000000 5.000000 96266
5 13495.021484 12756 5.000000 5.000000 96267
5 13495.021484 12756 5.000000 5.000000 96268
5 13495.021484 12756 5.000000 5.000000 96269
5 13495.027344 12756 5.000000 5.000000 96270
5 13495.021484 12756 5.000000 5.000000 96271
5 13495.021484 12756 5.000000 5.000000 96272
5 13495.033203 12756 5.000000 5.000000 96273
5 13495.021484 12756 5.000000 5.000000 96274
5 13495.015625 12767 5.000000 5.000000 96275
5 13495.021484 12767 5.000000 5.000000 96276
5 13495.009766 12767 5.000000 5.000000 96277
5 13495.021484 12767 5.000000 5.000000 96278
5 13495.033203 12767 5.000000 5.000000 96279
5 13495.027344 12767 5.000000 5.000000 96280
5 13495.021484 12767 5.000000 5.000000 96281
5 13495.021484 12767 5.000000 5.000000 96282
5 13495.021484 12767 5.000000 5.000000 96283
5 13495.009766 12767 5.000000 5.000000 96284
5 13495.027344 12767 5.000000 5.000000 96285
5 13495.021484 12767 5.000000 5.000000 96286
5 13495.033203 12767 5.000000 5.000000 96287
5 13495.033203 12767 5.000000 5.000000 96288
5 13495.021484 12767 5.000000 5.000000 96289
5 13495.027344 12767 5.000000 5.000000 96290
5 13495.021484 12756 5.000000 5.000000 96291
5 13495.033203 12756 5.000000 5.000000 96292
5 13495.009766 12756 5.000000 5.000000 96293
5 13495.021484 12756 5.000000 5.000000 96294
5 13495.033203 12756 5.000000 5.000000 96295
5 13495.015625 12756 5.000000 5.000000 96296
